9.87 7.10 6.51 -3.67 9.65 -8.81 9.98 1.88 -7.44 5.54 
5.99 -5.84 -3.04 3.48 -0.64 -4.74 -8.84 0.62 5.91 9.74 
-4.03 6.00 8.82 -1.25 4.04 -7.29 -8.43 -9.56 -9.21 1.01 
-1.11 -1.96 -4.00 7.91 5.35 -4.14 7.92 -3.50 -5.33 -2.64 
-6.95 2.08 5.80 0.00 -6.32 6.33 7.90 -0.48 4.77 -3.58 
-2.15 -7.75 -2.71 6.82 7.18 -7.06 7.82 5.67 5.54 5.55 
-2.51 9.35 0.43 6.90 8.75 4.94 -9.66 2.05 5.02 -4.52 
-8.38 -8.39 -4.18 -0.47 -2.97 -1.28 4.21 3.31 -5.63 0.57 
-9.10 7.02 7.51 -3.11 6.80 2.92 -7.96 -1.34 5.65 7.59 
-7.84 4.42 1.02 -2.05 -0.76 -9.03 9.96 3.72 9.28 3.85 

9.82 0.29 2.45 -3.99 7.19 -3.15 -3.01 3.62 8.52 9.53 
5.68 -3.72 -3.05 -0.49 -6.63 -9.10 -7.61 8.22 8.38 -4.78 
-8.85 2.69 -0.67 -4.64 -5.86 -3.20 -0.39 0.07 0.83 -3.16 
8.30 3.77 -3.42 0.96 1.30 -0.85 -6.74 -5.44 9.36 -3.77 
6.53 4.27 0.86 -0.31 7.04 -9.14 9.52 -4.02 -9.16 -3.86 
-2.02 3.05 -4.28 7.63 -7.92 -6.75 -9.77 7.83 7.75 8.42 
2.53 9.32 6.39 -9.83 3.02 3.21 -5.56 -5.04 4.01 5.29 
2.08 -6.15 9.14 -0.42 -3.81 -9.34 -5.84 1.62 -0.11 -2.56 
-8.28 -4.80 -8.52 0.37 -9.37 -2.66 -0.87 -5.77 -7.80 9.85 
-3.22 -9.47 -9.65 5.48 -0.43 -2.53 -5.75 -6.27 -0.67 -1.52 
