-4.10 -6.46 -9.63 -3.20 -8.27 4.41 -4.97 -5.33 2.85 8.97 
-0.47 4.78 -5.33 2.82 4.72 -2.63 0.54 2.20 4.05 -3.35 
2.75 -6.63 -7.71 4.59 3.73 2.05 0.84 -3.34 1.61 8.66 
7.54 -1.32 -4.80 6.67 6.33 -0.53 -4.69 -8.61 9.15 -0.99 
-7.74 8.89 -7.97 -4.40 3.17 -4.40 -1.01 7.94 6.22 -9.14 
0.19 -4.02 2.49 -4.87 -1.28 -7.64 -1.08 -9.83 8.33 -7.80 
4.31 1.00 3.23 -2.24 -6.57 -6.94 -3.17 5.16 3.23 -6.35 
4.51 7.53 4.89 4.22 3.57 -9.75 5.19 -4.37 -6.95 -5.64 
-5.44 1.61 1.99 -2.09 -3.10 -1.92 -2.85 3.21 -4.42 5.30 
-2.23 -6.79 2.28 -1.78 2.68 6.17 4.94 -9.05 -8.81 -0.53 

5.59 -6.37 9.99 -2.98 9.51 6.83 3.55 -4.11 -8.35 -7.69 
-0.68 -6.80 -6.24 8.21 9.19 3.25 -4.31 0.95 -5.12 9.90 
-2.10 -3.05 -6.24 -9.26 -0.70 -5.95 -3.76 6.45 -3.97 -6.54 
4.15 -8.06 2.01 -7.74 -4.78 -0.25 2.16 3.58 7.20 0.19 
-6.21 9.08 -3.88 7.69 2.57 7.77 -3.40 3.45 -0.78 -2.68 
-3.67 4.25 1.89 -7.98 -3.23 -2.97 6.34 2.14 -8.61 -2.79 
-3.94 3.69 -7.13 -4.78 -2.45 -1.30 -1.06 0.27 -4.42 -5.32 
-9.94 4.68 -7.67 -8.36 5.07 8.86 -5.88 -7.21 -6.23 7.61 
-0.00 3.58 7.78 2.34 8.55 -2.42 -2.62 -3.62 7.81 8.34 
6.49 0.01 2.91 -6.40 -8.64 9.41 -4.26 -4.24 -2.83 3.60 
