1.59 -1.25 -3.92 5.01 1.02 6.54 -3.36 4.68 -3.84 3.68 
-3.51 9.92 8.41 -1.42 3.68 -1.42 -3.54 1.42 4.99 4.50 
-2.21 -6.07 0.66 9.07 9.72 0.71 4.78 -8.67 -7.09 5.48 
6.82 -0.08 8.10 -3.08 5.20 -1.33 -3.68 0.14 6.52 -0.12 
-4.66 6.15 -8.07 9.00 -4.12 2.40 -4.39 8.44 -0.44 7.87 
-7.12 -6.34 -7.34 -0.99 -8.69 -9.17 -0.06 -5.40 -3.68 1.54 
-1.34 -3.92 -7.84 -7.36 -0.70 -5.07 -3.02 8.00 3.89 -9.66 
-4.55 8.17 2.06 -6.05 0.61 4.56 -9.96 7.28 -8.22 5.67 
7.73 -6.16 4.25 -6.13 -2.04 8.93 4.27 -1.15 7.92 3.14 
-3.15 -1.17 -8.89 6.17 5.79 -7.42 4.64 -8.94 7.24 -1.75 

0.74 1.20 4.89 -1.64 -0.14 -6.25 -0.05 -3.31 -8.31 -2.34 
3.68 2.58 -7.41 4.17 5.80 1.86 -9.71 3.12 -8.60 -9.29 
4.22 3.99 0.94 -5.11 5.70 -2.82 1.48 -2.47 3.53 -6.29 
-6.61 -5.50 -4.25 -3.58 -2.00 -0.63 -6.96 8.37 0.86 -1.79 
-9.10 -7.96 3.53 5.39 9.70 4.69 -2.84 9.50 2.70 8.89 
-3.00 4.28 4.75 -5.60 0.34 0.83 2.06 7.59 -6.97 -6.82 
4.40 0.25 -4.85 2.60 -3.36 7.19 -3.57 8.14 -2.15 3.79 
8.94 -6.86 -8.10 0.44 2.44 1.42 3.57 -0.70 -2.81 -5.16 
-1.39 -9.54 -6.25 -8.92 -9.49 -6.55 8.75 7.99 7.24 5.38 
-8.43 -6.23 -1.48 -8.36 -7.89 2.16 7.23 -9.21 -3.42 -5.42 
