-8.31 -6.62 -6.21 3.10 8.91 4.86 8.73 -9.36 1.41 -9.85 
-3.30 -2.74 4.64 8.22 -7.31 -6.86 -8.95 -1.52 -6.47 -8.78 
-5.80 5.59 7.19 3.28 -1.84 -9.11 5.93 3.80 -1.03 -9.30 
8.69 -4.36 -3.01 6.61 7.04 0.32 -1.90 -5.31 -8.83 -7.64 
-0.30 0.70 -8.31 0.09 9.35 2.69 2.42 -3.06 -1.82 -0.08 
5.58 1.24 -2.10 -2.24 3.33 -1.36 2.09 8.56 3.17 -3.94 
1.99 8.97 1.40 9.05 -7.34 -4.65 5.16 -2.07 -4.88 8.11 
1.54 -5.77 -6.57 -2.14 -2.79 2.84 3.77 -8.23 -8.66 -7.96 
7.88 2.89 7.59 -2.02 8.56 8.54 -7.01 6.88 -3.27 1.62 
-4.37 6.72 -0.38 -5.99 9.60 -2.78 7.92 5.98 -9.12 -2.57 

6.62 0.61 1.73 -6.79 -8.97 0.39 -9.87 2.45 -5.44 -1.77 
-4.51 -2.12 8.54 7.98 -5.29 -5.25 -6.49 3.45 -5.75 -5.04 
6.41 4.26 -7.01 3.78 -6.80 2.86 -2.14 -2.22 3.88 6.90 
7.53 9.65 6.54 5.83 -3.78 -0.41 1.98 5.67 1.83 4.95 
-5.34 -4.88 7.25 9.23 -5.27 -7.32 5.76 4.22 -6.75 -3.94 
6.96 8.91 2.35 -2.06 4.40 9.68 -7.48 -8.15 -9.07 -1.71 
8.34 1.71 -1.30 -1.81 1.16 -7.05 -8.60 -1.68 4.92 -1.46 
-4.65 6.13 -8.70 -1.94 -9.52 -6.88 5.74 7.42 -9.92 1.81 
0.03 -9.82 1.93 -6.99 7.84 7.41 -1.37 -5.56 7.87 -8.86 
-2.67 6.37 -4.73 5.01 -1.03 4.61 -4.46 6.78 -0.58 -5.92 
