9.23 -8.55 -9.35 -0.91 8.53 9.57 -3.23 5.77 3.15 8.10 
-5.15 -0.64 -2.55 4.77 -0.22 -5.90 -7.68 -0.43 -1.14 4.19 
1.33 -1.27 -6.19 -2.00 -3.72 9.93 5.90 -4.81 3.61 2.44 
-4.38 -1.29 -5.70 -0.57 -9.69 -7.01 -6.73 -8.85 -3.55 -2.91 
-4.02 1.64 -9.97 -7.49 0.06 1.64 -0.77 -8.80 3.42 -8.18 
8.64 -7.80 -2.90 -9.35 -2.11 -6.99 9.47 -2.43 -8.83 6.57 
8.38 -1.96 6.38 -2.01 3.34 -4.44 -7.46 -3.06 7.33 0.22 
-7.16 8.98 -2.66 -1.05 1.64 -9.29 3.42 7.79 9.49 -7.78 
1.15 -6.77 -9.81 9.60 -3.85 3.67 3.29 -0.67 4.21 2.62 
3.73 5.71 0.78 -4.54 6.74 5.19 6.35 -7.47 -0.78 2.63 

4.89 2.83 9.42 4.42 9.04 -4.32 -5.27 -8.89 1.75 6.19 
-0.81 0.23 3.76 -1.07 -2.30 6.29 -9.59 -9.87 0.46 -5.84 
-5.29 -2.67 8.84 -1.36 -8.12 2.89 -0.39 2.62 3.96 9.99 
1.41 -4.70 -1.07 -4.36 8.47 4.31 0.87 -5.15 4.84 6.59 
2.80 -7.57 -7.05 1.24 -5.50 -5.26 5.64 8.85 -1.56 8.96 
4.60 0.16 9.53 4.01 -5.32 -3.61 -8.96 -7.42 -0.42 -4.87 
-9.65 -5.77 0.30 -4.56 -6.75 -2.93 0.60 0.90 -7.25 -8.82 
4.70 0.56 2.97 -9.42 0.37 4.52 9.43 -5.36 7.77 7.14 
4.81 -3.61 -8.05 -3.28 0.34 -3.20 -0.67 -0.85 0.02 4.73 
4.31 -8.26 2.53 -8.37 -9.44 -9.72 -0.91 9.67 -5.74 4.97 
