4.87 -3.48 -8.67 -7.04 7.21 4.23 -8.50 -0.88 -1.01 -9.77 
-1.80 7.23 -0.72 4.33 -9.23 8.34 3.68 2.14 7.75 6.44 
0.02 6.38 -9.01 2.80 -7.35 8.58 5.47 2.88 4.79 -5.16 
-1.05 -2.27 -1.37 -6.58 -5.74 -0.37 8.99 -4.51 4.13 1.29 
-4.34 -7.18 -7.63 6.48 6.65 7.19 -6.56 5.28 3.38 5.29 
-6.51 -0.97 -9.29 1.02 -3.10 -6.89 -1.49 4.77 -4.06 -7.28 
-7.09 -2.29 -1.84 7.39 -2.76 -9.97 2.15 -1.35 -3.47 -0.45 
8.40 1.39 -6.57 -0.97 -9.87 5.99 -5.63 -8.02 9.91 8.06 
8.77 -8.76 -7.82 3.92 -8.28 8.17 0.59 -9.21 -3.96 1.17 
-3.09 4.99 -3.61 2.67 -1.10 1.89 -5.85 -7.48 -5.41 7.18 

-6.77 -4.85 4.83 1.55 4.06 -3.83 9.37 2.24 3.55 8.74 
3.30 -8.12 2.63 1.70 -9.81 -4.22 -0.95 9.43 -0.17 1.69 
7.27 0.83 -9.49 -3.24 -3.22 0.16 3.65 -4.30 8.30 8.57 
5.53 7.52 5.30 0.14 -2.35 -8.71 9.17 -7.01 5.69 7.26 
-7.77 -0.56 7.03 -5.90 -3.46 -9.06 5.31 0.58 7.14 -1.92 
8.96 -7.95 4.75 0.67 -3.44 -5.85 -1.13 -5.01 -2.74 -0.25 
1.42 2.63 -5.20 1.47 3.77 -6.69 7.68 5.77 -8.37 -7.20 
-5.57 3.73 -0.22 -3.48 8.81 6.12 4.36 2.77 -0.87 6.93 
7.30 -2.97 -1.62 -6.16 5.67 1.94 4.98 9.20 -4.79 -4.84 
-0.00 -0.23 0.22 -3.83 -7.53 -0.02 1.04 7.01 0.06 -1.39 
