-9.41 -3.43 -1.21 -4.16 9.12 -7.82 -4.19 4.79 0.89 -6.11 
-7.77 9.43 8.91 1.39 7.43 -4.40 -5.50 -4.20 2.20 8.51 
-7.61 -0.54 1.79 4.84 -6.85 -5.16 0.86 -5.78 -5.93 -2.45 
8.45 2.66 1.58 -6.86 8.99 -7.23 -1.20 -0.11 0.46 -8.79 
-5.97 1.89 4.59 9.98 -3.67 5.71 0.42 4.45 -9.48 5.55 
-8.18 -7.83 2.85 7.88 -3.03 -2.95 -6.90 -8.21 4.56 -2.54 
6.86 6.68 -6.84 -9.13 -3.27 -6.70 6.53 1.28 -9.40 -1.81 
9.02 8.60 7.11 -7.60 1.84 9.68 7.16 5.64 9.14 1.42 
-0.25 9.24 -6.82 1.25 -9.32 5.11 7.67 4.80 -6.29 -1.90 
9.05 4.26 0.12 3.71 -1.56 -2.97 3.65 7.21 -3.74 -1.81 

5.16 -4.03 5.59 -0.11 2.87 -1.63 -0.48 -7.79 -8.72 6.81 
-0.94 8.61 -6.64 0.89 -8.86 7.81 4.24 -3.00 -4.21 9.51 
4.99 -8.05 -4.43 1.80 8.08 5.72 -5.05 1.99 6.12 -8.88 
5.58 -6.94 2.83 6.94 1.11 5.39 6.56 6.28 8.18 8.80 
-0.57 1.01 -7.10 -2.48 5.72 6.82 -4.24 7.81 -6.84 -3.59 
3.87 4.23 0.99 2.15 -8.20 -8.25 3.75 -2.29 5.33 -5.53 
-4.73 3.73 5.96 4.45 3.23 2.23 3.20 -3.76 -0.81 3.72 
5.26 -6.43 0.33 -8.96 9.97 9.06 -3.89 1.41 0.63 -7.40 
0.98 -5.03 3.28 7.64 9.47 8.24 0.62 -8.75 -8.45 5.00 
0.92 0.15 -2.81 8.74 -6.24 -6.30 -4.52 5.04 3.62 -8.36 
