-7.79 5.11 -6.68 -5.38 -1.51 -0.87 -9.59 -0.36 8.46 -2.36 
-6.95 -0.07 0.65 7.38 -9.31 9.60 2.64 2.40 7.54 0.59 
-5.03 2.70 1.97 -7.66 4.40 4.31 -6.84 3.72 -0.32 0.39 
4.00 0.84 0.38 8.78 6.18 -8.39 1.08 -2.89 -7.85 -1.56 
2.95 -6.23 2.89 8.91 -7.70 5.74 6.65 7.10 -5.90 1.14 
8.60 6.27 -7.69 4.18 -4.09 9.39 -0.39 2.82 -0.23 -3.45 
-0.23 -0.78 -7.39 -2.34 -6.83 -0.68 7.73 2.22 8.95 4.85 
9.58 -1.27 -8.19 1.66 3.98 -4.98 -8.52 4.67 -9.19 -1.74 
8.73 7.71 -0.18 5.54 0.39 -5.34 7.04 -9.67 4.06 4.85 
-6.82 6.63 3.84 -1.96 -9.45 -1.37 4.31 7.16 -4.96 -0.94 

4.31 -6.76 -9.18 -8.76 5.00 3.90 0.63 4.03 -6.61 1.69 
-5.53 -5.90 3.06 -9.41 -0.70 1.51 -5.80 -5.94 0.69 4.78 
-4.69 4.09 4.35 5.53 3.40 -3.80 0.20 -3.35 1.28 7.13 
-5.40 2.08 -0.95 7.17 -0.41 6.49 5.69 -0.22 3.38 3.52 
-3.37 7.31 -9.62 1.77 -7.47 -4.68 -4.75 6.39 1.20 -4.13 
-5.86 1.20 0.06 -9.56 5.70 -5.20 -0.92 -3.74 -4.51 -7.31 
9.19 3.43 7.68 1.14 -4.88 -8.12 -2.51 6.88 4.35 9.14 
-5.63 -6.32 6.97 -9.60 -4.20 7.65 -1.55 9.11 0.80 -8.45 
-7.72 2.13 8.06 -7.91 -7.44 -2.42 3.96 1.21 0.14 -2.86 
3.79 7.52 3.54 -3.26 -2.52 7.75 -6.60 7.50 7.68 1.53 
