0.21 0.09 5.33 -0.49 2.23 -1.89 -9.18 2.17 -3.38 -4.44 
-2.10 6.65 8.00 -0.32 -6.30 -7.32 -0.69 -3.12 8.74 4.37 
8.71 3.63 -2.18 5.60 -2.87 0.43 1.49 -3.53 1.46 5.49 
0.47 9.14 6.79 -2.56 -9.48 -1.55 3.00 0.16 5.95 -5.32 
6.95 1.91 -2.74 -3.99 4.77 1.99 -4.74 8.00 3.80 5.40 
-5.51 8.52 -9.87 -2.39 8.14 1.81 -5.61 -7.87 6.38 2.58 
9.20 -9.61 -3.92 -1.08 -5.03 4.86 -7.33 -4.22 4.49 1.51 
-4.73 6.79 4.61 0.82 -9.52 5.42 -5.07 9.55 7.07 -5.90 
-6.80 4.67 -6.13 9.50 9.03 1.63 -2.18 2.41 6.54 3.75 
8.94 2.02 -3.38 4.73 -3.18 8.50 -0.96 -3.03 4.24 -2.75 

-7.07 -3.61 -4.55 -8.09 -0.35 -1.22 8.42 -6.18 -5.48 -1.80 
9.40 5.36 2.56 3.33 -2.02 -1.76 -5.81 2.34 -2.26 -8.60 
5.20 -4.06 -5.13 3.93 1.13 -7.11 -0.76 1.17 -9.26 0.35 
-0.12 -0.86 -8.10 5.63 -4.28 6.42 -6.72 -8.46 -7.08 -0.54 
-6.64 3.84 -6.80 -1.36 1.86 -7.04 -1.95 3.67 7.62 5.63 
-3.41 -2.42 3.81 -8.44 -2.49 -3.03 -0.09 2.96 -9.09 7.82 
-4.60 4.86 -0.55 6.86 -8.98 -1.37 -7.65 4.26 1.14 3.06 
9.63 6.20 -9.75 -8.07 -2.04 1.16 -6.88 1.39 3.83 8.05 
1.70 6.02 0.19 -4.01 1.91 6.78 -7.22 -6.60 -1.68 7.94 
1.19 -8.25 -0.40 3.65 -1.71 3.61 -9.97 -8.61 -2.73 -4.27 
