-4.67 7.26 -8.35 -4.85 6.39 2.72 -0.96 0.68 1.55 -6.17 
6.48 -6.73 6.04 -4.92 6.76 -5.98 -8.36 -5.76 -2.32 8.74 
7.09 5.72 8.10 -7.11 -3.68 2.15 -8.91 -9.89 -7.66 4.58 
-5.25 -3.45 7.25 -5.46 4.33 1.12 8.75 -5.41 1.89 -0.92 
-1.86 -4.01 -7.81 0.22 1.95 -2.52 -7.59 -1.44 5.56 -8.99 
7.71 -9.45 -2.94 5.24 3.84 -1.03 -4.56 3.55 -4.45 -8.81 
-1.45 8.15 7.36 8.91 1.10 -8.43 -7.41 -5.02 -8.77 -2.84 
7.15 -1.67 -6.43 -8.59 0.65 -5.98 -9.27 9.58 -2.62 -4.81 
-6.15 0.61 -3.79 7.47 -6.55 -0.52 -1.62 -5.23 1.13 -6.14 
9.75 0.37 -3.15 -6.76 -4.75 0.18 6.50 7.44 0.96 5.49 

4.48 -9.34 7.84 -2.19 9.89 -3.13 4.34 1.99 6.03 -4.21 
7.98 -7.97 5.58 -7.22 1.39 6.33 2.35 1.23 -5.50 -3.92 
0.88 -8.22 3.51 7.84 3.15 -5.79 -0.80 6.50 4.00 7.92 
-2.47 0.88 2.97 9.75 3.19 4.54 4.81 7.22 3.67 9.90 
-2.45 -6.42 4.37 3.41 2.65 -5.34 3.30 -1.08 -9.41 -7.90 
-1.12 4.52 6.13 3.48 2.77 9.10 -7.80 0.72 -5.26 -3.30 
-3.91 -7.44 -8.83 5.03 3.66 1.80 9.03 -8.22 -8.88 4.58 
-1.69 -7.24 5.73 3.37 1.47 0.95 6.42 6.79 -3.32 9.47 
-7.23 -9.72 4.07 -4.97 2.47 4.61 -3.06 -7.82 -1.93 7.24 
1.95 7.06 -7.59 -4.55 -2.92 0.83 -2.84 -6.29 3.22 -7.48 
