9.41 -5.00 5.13 5.74 -5.38 7.08 -7.20 8.32 -4.95 7.62 
7.85 -0.40 -0.84 -0.79 -0.91 -4.44 -6.50 -4.53 -3.22 -4.20 
7.31 8.92 -5.43 -3.87 7.70 -6.38 4.79 3.99 3.28 1.09 
1.49 9.71 -3.68 0.19 4.13 4.10 -8.59 3.97 7.31 -7.12 
5.79 -7.60 4.47 -0.59 -8.83 -3.01 -0.32 0.38 3.79 -7.74 
-0.00 5.95 -1.43 -3.75 -1.86 9.26 -0.24 -4.29 6.31 -8.98 
9.99 -2.82 -5.02 0.82 4.12 4.98 9.46 -2.62 2.75 -6.81 
-2.21 -3.36 9.09 -8.12 1.13 2.60 5.59 6.78 4.73 5.51 
-3.98 4.44 -6.00 -1.26 -0.15 -8.69 2.49 2.31 -3.98 -3.79 
-9.89 9.97 -1.36 0.71 5.74 7.69 7.81 -8.00 4.65 -6.58 

2.35 -0.81 -6.83 4.65 -1.97 2.52 8.78 6.61 6.41 9.72 
7.77 -8.57 -2.31 -9.08 -3.21 7.44 3.78 7.34 -2.41 -3.63 
6.63 -6.13 -9.14 -9.13 -7.38 -5.98 -2.43 4.13 6.82 8.15 
7.97 1.35 -3.23 5.49 1.75 -8.07 5.71 1.09 -7.42 -5.01 
6.88 8.14 2.25 3.38 1.88 -6.85 -8.84 4.46 0.22 -4.46 
9.17 -8.58 -2.60 -5.18 -2.85 8.15 8.70 -0.57 6.95 8.96 
5.95 -7.41 1.84 9.21 -8.14 -8.92 -3.12 -2.31 1.48 9.74 
-8.36 -5.55 2.14 2.69 4.75 7.96 4.53 -0.90 1.95 -0.94 
6.20 -6.76 0.17 -4.92 0.42 8.55 8.94 7.76 -4.78 2.27 
-2.30 2.74 -4.19 7.68 -7.19 -9.29 1.37 -6.31 -0.55 -0.28 
