1.01 9.50 -9.75 -1.79 4.33 7.96 -2.74 -0.93 9.48 -6.83 
-1.64 8.31 -6.41 -4.77 8.45 8.42 3.23 -6.31 4.09 -4.22 
-3.04 2.01 -1.60 -9.91 9.53 2.94 -3.29 1.04 4.28 6.76 
9.30 9.82 -2.47 -5.52 8.70 -7.72 6.00 0.49 -6.09 -7.81 
-1.42 -4.17 -4.08 4.10 -3.67 3.84 -3.75 -8.32 5.89 -2.15 
-8.98 -6.06 0.48 -2.08 1.49 9.61 1.99 -0.78 -3.53 -3.91 
-1.87 5.51 -1.60 6.20 5.12 -4.49 -6.61 5.16 7.43 -4.76 
3.12 6.31 1.12 4.64 7.90 -5.21 -3.87 7.38 -3.54 -6.99 
-5.32 9.77 6.15 -9.23 -9.89 -3.63 9.37 -5.16 -9.73 7.55 
-6.72 -6.54 -0.86 9.59 -4.53 4.29 -8.74 -6.22 -5.83 7.86 

2.29 2.61 -2.78 -5.17 -6.40 5.48 -4.94 2.48 3.37 10.00 
4.63 2.28 -8.90 0.26 -3.96 0.19 -3.29 -7.29 -2.56 -2.85 
6.97 -4.29 -0.05 -3.03 5.62 -5.15 -7.76 1.31 -1.29 4.87 
6.10 1.76 9.46 -6.48 0.44 -7.73 -8.41 -4.61 0.03 -7.12 
-4.57 8.37 2.69 -9.11 2.80 1.62 -5.18 -0.03 -9.28 0.42 
-7.16 4.51 2.75 7.50 -6.52 1.06 1.49 7.06 7.65 -1.37 
2.60 7.00 -0.15 6.53 -6.89 -4.13 6.56 2.94 -4.91 2.32 
-5.50 -4.98 4.22 -8.75 4.92 2.70 -4.13 -5.60 0.46 10.00 
-8.45 9.22 5.51 -0.65 8.74 0.53 -5.06 -5.21 -8.83 -1.08 
-4.75 -6.16 6.42 -5.52 6.53 5.44 -4.34 8.08 -0.25 -4.64 
