1.84 -0.55 -1.08 -6.87 0.30 -2.33 3.41 -0.16 0.47 -2.77 
-7.35 7.67 -6.98 9.13 -0.70 -1.22 8.13 1.89 -7.20 -6.31 
-1.12 4.14 -1.94 -6.58 -7.81 -2.14 6.89 -1.49 5.80 -3.31 
-6.13 -1.16 2.48 8.47 1.32 -5.55 3.43 9.10 -9.09 -0.78 
5.72 8.49 -2.43 4.43 9.73 5.39 -6.19 5.38 -2.30 -8.44 
0.42 -2.26 -2.49 -5.39 -5.04 -8.64 -8.01 -7.65 -6.95 4.91 
8.31 7.96 7.87 -3.61 -4.39 -3.51 3.64 5.08 -9.78 6.16 
-4.61 2.04 3.74 0.75 4.04 -7.97 -3.94 -9.59 9.64 -0.54 
7.61 4.14 -7.94 3.03 0.04 -0.12 9.89 9.37 8.70 6.66 
-5.91 8.80 -1.64 -0.66 0.71 -7.16 7.78 0.06 7.54 -5.22 

5.32 -0.61 4.44 -9.33 -3.36 -9.61 2.73 4.43 -0.41 -0.30 
4.52 0.53 -7.84 -1.54 -3.27 7.89 6.15 5.37 -4.94 -5.37 
-5.45 -6.75 6.08 7.36 -7.68 -5.23 -4.27 1.20 -0.41 -3.64 
9.74 -9.11 -6.92 5.48 1.47 -4.12 5.45 -3.99 -0.41 3.14 
-8.83 4.65 0.28 0.37 4.76 4.04 4.22 5.66 -6.90 -2.97 
9.24 -2.85 6.54 0.17 1.56 -9.24 0.32 6.94 4.78 -1.14 
9.15 -4.39 2.13 -8.98 -6.05 0.78 -8.92 -1.99 0.26 6.56 
-9.65 2.32 4.46 -1.31 -6.73 2.84 -8.02 -9.71 -6.29 5.06 
-6.84 3.66 0.94 -8.10 -9.00 -9.45 0.05 -9.05 -6.90 4.98 
-1.43 -8.21 -6.25 9.08 -2.75 -8.74 8.99 -7.24 -4.14 9.44 
