1.86 1.07 -2.96 -2.88 -7.56 -0.00 -9.92 8.53 -9.10 8.50 
0.01 -2.04 6.16 6.34 1.48 -5.41 1.10 6.07 -9.68 8.59 
-8.99 -4.86 9.79 9.13 -9.25 -4.55 0.06 -5.38 9.93 -1.16 
1.67 -7.60 7.24 -4.60 4.32 2.39 -1.24 -8.13 -2.77 3.87 
4.53 4.04 4.47 -1.63 -9.56 -0.62 5.01 9.33 1.91 -9.58 
-0.22 5.65 0.05 0.98 -2.07 0.58 -1.53 -1.59 0.65 -7.11 
-8.06 8.64 6.96 -9.85 6.68 4.02 -5.93 -4.53 0.38 3.49 
-5.02 6.36 -2.77 5.05 6.55 -5.44 -5.35 -6.52 -0.17 -3.42 
4.04 9.34 -9.46 2.50 4.69 9.08 -6.39 9.05 6.35 -8.40 
-6.42 5.83 7.62 -6.75 7.88 6.95 -2.47 3.60 -3.89 0.05 

-7.61 -9.11 -4.97 -3.26 4.92 -5.09 1.94 -7.35 -7.73 0.55 
-3.43 -2.27 -0.26 -9.62 2.49 2.82 9.74 -6.22 8.19 4.03 
3.33 -9.71 -3.72 -5.70 9.78 -0.47 3.98 5.02 -9.82 -1.18 
7.22 -5.64 0.90 -2.24 4.08 3.30 -7.21 -1.17 -4.84 -0.47 
5.63 3.95 -7.70 4.42 -7.24 -7.19 0.11 -3.08 -2.47 6.87 
1.40 -6.61 9.74 6.86 -1.33 7.55 -7.21 3.08 5.25 -7.34 
5.45 -4.04 -2.71 -2.81 -3.80 -6.04 1.89 1.34 5.46 -4.07 
-1.94 -4.90 -4.48 9.40 -7.66 3.60 -7.62 4.21 8.21 -5.51 
-2.21 8.36 -9.33 2.13 5.06 8.78 -1.31 6.52 -0.15 8.30 
-4.24 1.97 0.22 -2.02 -2.46 -2.98 -1.16 1.61 3.94 -0.90 
