4.49 4.36 3.96 -8.34 0.01 6.35 -0.85 -4.66 0.85 -1.55 
-1.65 1.51 -5.59 -9.89 8.05 7.72 -8.40 -8.97 -1.44 -8.69 
0.76 -6.99 1.80 -1.75 -4.29 -6.00 6.69 -3.59 8.43 -0.91 
-4.39 -2.35 1.12 1.22 2.57 7.56 -2.58 4.57 -3.08 0.33 
6.23 6.95 4.81 -0.03 -0.66 0.19 0.10 3.17 -2.54 2.82 
-2.31 9.77 -5.11 -9.99 1.86 -6.28 -6.47 -8.62 3.48 -5.62 
8.54 1.24 5.34 -6.67 0.40 -1.49 7.19 -2.76 -3.43 1.26 
-3.66 2.21 -3.95 -6.53 7.18 -8.57 4.38 1.95 -5.68 -3.19 
-6.01 2.45 -4.49 4.07 6.49 6.03 4.66 -3.85 -4.13 -3.70 
7.35 3.56 -5.47 -7.11 9.44 1.28 4.91 -0.76 -1.42 -3.47 

-2.78 9.44 -2.92 6.92 -3.03 -8.49 2.82 -6.91 -5.08 0.53 
9.87 -2.39 6.08 -9.47 0.63 -1.40 -1.66 7.72 1.36 0.23 
6.42 -4.22 -3.50 6.02 -7.36 -8.64 -4.39 0.72 4.20 -2.22 
-8.56 0.20 1.11 -0.53 -9.70 -1.70 -2.99 -6.02 -1.72 -8.63 
3.93 8.59 -5.63 -6.25 8.22 -3.10 1.06 -6.79 -0.71 -8.73 
0.06 8.61 9.50 4.95 -4.42 -1.39 -0.69 8.52 8.16 9.38 
-7.80 -4.47 -0.08 -7.34 2.62 2.14 9.88 3.84 3.19 1.26 
-2.27 -3.09 -7.15 -9.58 8.25 -7.26 7.61 2.32 -4.77 4.94 
8.73 9.34 2.73 3.43 -8.64 7.95 -9.46 9.98 2.76 8.07 
-5.68 -1.71 -1.48 4.63 -5.33 7.48 2.05 1.01 5.43 -2.56 
