-7.69 -8.86 7.38 5.09 6.84 -3.13 -5.65 2.66 7.16 7.14 
-0.57 0.15 -6.24 -0.55 9.37 3.78 -3.09 -0.87 9.80 -6.03 
-0.31 -1.28 -6.08 -3.08 -1.64 -5.24 7.23 9.84 1.31 -2.52 
-3.16 7.28 8.70 -0.30 1.10 8.53 2.07 -3.84 4.69 0.79 
-2.48 4.01 -9.56 -8.26 -4.67 2.55 6.03 -4.03 9.39 -5.79 
-3.61 5.42 5.65 6.87 -0.06 9.01 -1.32 7.60 0.75 -4.85 
1.30 -8.53 8.92 -4.95 4.39 2.24 -3.94 0.02 2.87 4.42 
0.73 -7.37 1.08 -5.91 5.20 2.39 1.70 7.29 6.92 2.60 
0.76 9.77 2.29 4.06 9.79 -2.65 9.41 3.04 -5.85 -4.29 
0.44 -1.87 8.23 -9.17 5.32 6.68 3.20 8.31 -6.74 9.98 

5.92 9.43 3.78 -2.83 -5.25 -5.77 5.69 9.56 1.57 7.01 
-0.81 -0.40 8.49 9.26 8.39 -3.84 8.56 0.84 0.56 -1.03 
-0.53 -1.97 -9.46 2.59 8.92 -3.85 -3.67 8.03 9.03 -9.08 
-6.18 -4.16 -6.18 9.68 2.19 7.18 2.40 -1.95 -0.98 7.49 
1.85 -6.59 -5.16 8.32 6.89 9.23 3.51 -9.50 5.01 -2.08 
7.74 7.38 -6.89 -6.26 -7.29 -2.50 5.08 6.40 -2.29 -9.66 
-6.26 -1.66 -0.58 -6.56 -5.85 5.64 0.09 5.72 -7.27 9.35 
-2.79 9.52 1.21 2.06 4.42 4.09 -8.15 -9.83 7.31 1.32 
4.78 -0.87 4.69 4.59 -3.41 9.07 -5.38 1.55 6.23 -7.90 
2.77 -1.59 -7.07 0.31 -8.71 -7.77 5.78 2.72 -6.16 -2.49 
