1.10 6.19 5.37 1.34 -2.97 3.83 -2.75 -7.94 9.28 -7.32 
-0.89 -9.61 -3.97 0.17 7.98 -6.02 -4.61 -3.97 -9.43 7.12 
5.58 -5.64 -9.03 -8.96 7.10 -9.73 -3.86 -6.01 -1.99 7.93 
6.37 -3.31 7.01 -1.96 5.17 -8.98 -3.86 -3.35 0.08 -6.97 
2.44 -6.37 -2.78 -1.31 -1.72 -7.85 3.56 -6.47 -6.69 -8.76 
-1.18 4.46 2.39 -3.03 -6.78 -5.61 8.41 1.23 4.36 -6.29 
-3.54 -3.52 -3.12 -5.11 -8.38 -8.90 3.60 -9.40 3.17 5.30 
-6.61 -8.68 4.61 -5.58 8.08 5.01 2.23 -7.53 -8.13 9.07 
4.31 -8.91 9.44 -7.63 2.65 -5.50 -6.06 3.53 -0.23 9.17 
4.73 4.52 -4.30 5.19 -1.84 -6.33 -7.64 -7.40 -8.23 8.09 

-7.23 7.43 6.11 -3.68 -0.23 -0.80 3.01 -8.75 -1.16 1.80 
-0.89 -2.37 -6.83 8.04 7.98 5.58 -3.59 0.45 6.53 9.67 
-5.45 9.94 5.25 2.19 -8.84 -3.58 7.32 9.51 5.63 -3.90 
-0.03 5.53 8.98 9.05 -9.94 9.01 2.81 -8.11 -9.72 5.42 
1.73 -4.37 4.18 1.86 4.58 9.23 -0.04 -0.75 -5.46 -9.31 
6.37 -5.20 6.17 -8.78 -3.53 -0.93 4.61 3.92 -2.78 -7.09 
4.91 0.99 -3.69 8.71 -4.69 -8.31 -6.62 8.01 5.51 -4.69 
-3.36 -3.74 4.37 -3.78 -1.57 -4.03 6.55 -2.25 3.60 3.14 
9.80 8.00 0.27 2.24 6.88 8.51 -2.42 -8.80 7.77 6.36 
-9.29 -0.13 -8.95 7.58 9.25 -8.13 -2.63 -1.19 -2.53 -9.90 
