1.50 -9.76 6.88 -1.64 9.70 -4.41 9.94 -2.01 -1.75 8.46 
-6.33 9.74 2.86 7.66 8.84 2.79 0.33 -4.36 5.04 -5.08 
2.61 1.12 7.14 -7.51 -8.02 6.40 -3.53 -0.35 -9.07 0.27 
8.26 -2.83 -6.18 -2.89 2.47 0.03 2.68 -7.25 2.90 1.27 
-4.02 2.05 8.72 -4.23 0.91 -9.86 -6.15 -8.94 8.93 8.72 
-5.56 -3.81 9.90 3.37 2.34 9.26 -1.68 9.56 -8.95 8.87 
0.59 -0.05 -7.19 9.42 1.95 1.60 -3.23 8.98 -3.11 -2.37 
-8.18 6.09 7.90 -3.39 -0.92 8.89 1.17 -6.06 4.28 8.45 
4.52 5.38 -6.15 9.04 -1.76 2.96 -0.52 -6.73 9.93 0.31 
0.17 -4.97 -1.55 0.57 9.99 -2.80 2.13 -8.46 -6.20 7.05 

-3.90 -6.63 5.84 -0.03 6.27 -9.24 5.88 -5.97 4.38 6.55 
-5.82 1.46 -6.45 8.80 -8.67 9.10 -8.60 2.84 -1.43 -8.46 
0.62 4.51 -6.82 1.85 3.41 -6.84 -5.96 1.30 -8.45 -3.40 
-4.79 -1.99 -7.26 4.43 2.88 -1.21 2.66 -5.82 -4.87 4.68 
6.27 5.97 9.80 -4.81 -6.87 1.06 -5.83 -2.19 6.22 5.52 
-3.33 1.56 -2.32 -2.17 -9.69 -0.10 -6.71 2.64 2.49 8.52 
7.64 6.30 0.33 5.39 -9.40 7.12 5.08 0.34 -2.12 7.01 
2.63 8.98 0.83 4.52 -0.40 6.26 -0.99 7.72 0.59 -4.71 
5.03 8.19 -5.39 -1.10 4.16 -9.70 -6.84 -6.82 -7.82 -6.58 
-6.87 4.62 6.74 -4.33 7.31 4.25 -8.49 7.49 0.36 -7.18 
