4.72 -1.44 1.30 -2.72 4.32 3.74 -2.57 2.86 -6.66 -8.26 
6.95 5.94 -6.58 4.28 2.74 6.50 -1.67 9.77 7.25 6.82 
3.67 5.86 -5.86 1.55 9.84 6.08 -8.31 3.00 2.02 5.48 
3.63 -7.31 -5.68 7.28 -8.11 2.86 -4.82 5.79 5.51 1.38 
1.34 8.85 3.36 -9.73 4.62 5.02 -0.68 -8.44 -4.24 5.41 
2.56 7.00 -2.12 5.63 8.80 1.66 -0.67 -1.27 8.98 6.24 
-1.27 -4.05 -8.41 3.89 6.87 5.72 0.96 8.82 2.43 10.00 
-0.53 -6.75 -9.49 5.35 6.68 -5.64 -0.33 -5.96 0.91 1.68 
9.51 6.20 -1.18 7.24 -9.13 -9.40 4.70 1.15 -8.00 -0.86 
0.28 8.77 6.29 7.02 -4.01 6.25 5.40 -3.77 3.40 -3.18 

-0.75 9.47 -8.86 2.50 8.04 -4.18 -8.47 6.14 -4.18 -8.56 
-7.04 -4.90 -3.11 2.56 7.35 3.46 -5.79 -2.10 4.94 -1.98 
-6.87 -7.25 -8.07 9.88 7.56 3.74 -6.49 1.74 -3.81 -6.39 
-4.11 4.06 6.58 -5.00 1.10 -0.06 4.72 6.50 -4.29 3.84 
7.77 4.58 7.55 -8.53 -8.35 -1.54 -2.73 -1.89 4.35 -1.13 
1.59 -5.06 1.21 -8.71 -9.17 -8.46 1.46 9.43 -0.26 7.52 
1.17 5.10 8.89 -4.56 -6.94 8.63 -0.28 -8.10 -5.23 3.10 
-5.20 -0.13 8.32 5.19 1.77 -9.29 -7.73 7.18 6.75 -6.94 
7.85 -5.80 -8.82 -4.88 -1.17 -3.52 5.43 -6.08 4.65 -0.55 
-2.16 7.93 2.49 5.98 -9.90 -5.15 4.59 -4.29 -4.38 0.57 
