-4.80 -4.29 -7.06 -9.53 -0.23 -6.27 -9.34 6.94 2.93 -0.33 
-6.61 -7.41 4.88 -7.53 4.21 -9.97 -3.24 -3.59 -7.30 -4.56 
-3.39 9.12 -1.65 3.13 1.55 -0.27 2.97 -1.32 7.90 -5.55 
4.48 -0.58 -1.36 -2.94 3.56 -9.41 8.64 9.29 -1.74 3.46 
9.70 0.76 7.76 2.12 -1.34 8.20 -0.74 2.01 9.77 5.65 
8.18 8.60 5.62 -5.76 -3.25 -2.96 -6.23 -2.88 3.93 -6.75 
-7.29 -1.30 8.72 9.08 -3.85 5.32 -0.16 4.74 2.41 -3.51 
-5.68 -4.97 4.67 9.65 -9.72 -9.62 -4.67 -3.86 5.95 -8.66 
-1.95 4.04 3.92 -1.61 -1.66 -6.35 8.09 7.30 -8.47 0.24 
-4.72 7.99 7.27 -1.24 6.67 1.08 4.69 -9.14 0.95 8.19 

0.30 -1.69 8.32 -6.25 -0.87 -7.58 4.29 0.65 9.13 -1.44 
-5.23 0.51 7.73 -9.35 2.61 5.01 0.89 1.59 -0.66 -4.11 
-5.82 8.67 7.48 7.41 5.52 -5.00 7.94 3.56 0.59 -9.96 
6.79 -6.29 7.42 -8.41 4.37 -0.58 8.42 -0.30 4.37 5.13 
-7.10 9.89 9.41 6.85 7.03 -8.21 -3.43 7.73 -4.02 9.30 
5.72 0.74 -6.30 -1.92 3.53 -8.25 -0.78 1.05 -7.78 -9.69 
-4.89 6.84 5.86 -5.82 -1.10 2.35 5.91 3.74 3.90 -1.08 
7.97 -1.47 -3.35 0.68 5.95 8.17 9.63 -2.36 -2.05 -5.75 
5.01 9.13 -5.47 7.38 3.98 -4.78 -9.47 -8.73 -5.78 -5.90 
-9.56 1.34 2.87 7.37 2.67 9.72 7.12 9.43 -2.52 -3.54 
