5.79 3.19 8.66 -6.00 -5.42 0.02 3.49 -0.43 -7.42 -8.13 
2.23 -4.31 0.90 5.58 9.80 2.01 -1.74 -2.85 0.99 -5.08 
-4.64 2.71 3.07 -0.44 -9.51 6.05 -3.20 -7.30 -9.40 -2.60 
3.28 3.32 -6.53 -7.43 -0.52 -4.85 -3.24 -3.71 8.28 7.53 
5.97 -5.10 1.47 9.19 -0.73 -3.81 -0.30 -3.95 -6.70 2.18 
-8.58 6.98 9.46 -6.95 -8.37 -8.03 4.28 -9.52 9.34 -1.31 
8.83 -6.18 -9.38 3.24 3.50 6.19 6.46 -7.63 9.09 -2.90 
1.86 4.86 -0.46 -6.92 1.63 6.36 1.54 -6.41 6.23 8.79 
9.71 6.43 1.60 -3.63 0.85 8.95 3.64 -9.14 2.45 -1.36 
9.40 -8.01 1.13 0.47 -9.92 -3.91 -3.76 4.91 -9.28 -4.14 

4.06 -1.24 -1.69 -8.52 4.11 7.98 -9.80 -9.11 -6.19 -3.70 
-6.08 -9.89 7.48 4.24 -0.22 1.80 8.44 9.10 3.75 -4.83 
2.18 7.11 7.92 -1.12 -1.21 -2.87 -4.37 -1.04 -8.57 -8.79 
-8.88 6.67 -2.70 0.17 -2.98 1.44 -1.70 7.40 3.75 -1.67 
9.47 3.77 -7.86 8.08 4.92 4.72 8.41 -6.59 1.55 -6.72 
-3.62 0.72 -5.47 -8.18 -2.97 9.83 -0.60 -2.95 -1.68 -1.31 
9.07 -7.67 -7.58 -7.32 6.42 -3.53 -9.22 -5.90 2.34 -7.34 
-7.02 -4.10 0.89 4.19 5.83 -4.85 -4.77 -0.51 -4.47 9.95 
-3.56 -5.04 -0.25 1.50 5.92 6.49 2.08 2.12 1.05 9.57 
0.14 3.34 -9.75 -1.39 5.57 4.90 -3.60 -9.71 2.12 7.90 
