9.44 5.62 0.66 1.81 8.73 -8.51 2.57 4.42 -6.13 -6.59 
6.95 -8.70 1.60 -3.88 -8.34 5.50 1.39 -5.45 -6.71 1.32 
7.15 4.11 -2.15 6.08 7.34 -1.32 9.17 6.44 -0.08 -9.95 
-1.10 5.21 4.26 2.04 -7.86 -9.72 0.70 3.24 -8.90 1.22 
-7.25 9.86 1.28 -7.82 8.35 -4.06 6.72 -5.83 8.91 -9.35 
8.89 -5.61 -3.00 -4.06 -7.99 0.05 -6.50 -0.20 0.82 1.50 
0.39 -7.95 -2.40 -1.57 -6.29 -3.56 -2.51 -8.20 9.57 -3.86 
-4.63 2.55 0.83 1.19 5.49 -4.03 -2.85 -4.08 -5.98 -7.63 
-7.43 -1.15 1.15 4.40 8.03 -6.13 6.71 3.17 5.19 6.86 
6.99 -0.55 -7.73 8.31 7.48 0.74 -5.30 -3.93 -8.31 -2.44 

3.32 -8.00 -1.25 0.34 -7.59 2.03 3.94 8.56 -7.55 1.16 
2.24 3.30 -9.30 6.53 5.41 -5.00 -4.88 -0.65 -4.06 -5.04 
-8.23 -0.51 -5.53 -0.78 2.95 8.78 -2.52 7.60 9.16 9.18 
-7.54 -4.11 -9.82 3.14 7.88 9.77 -6.11 4.20 2.68 0.25 
-4.83 6.30 0.68 -4.25 3.43 -6.62 -8.32 -2.93 9.36 -0.45 
-8.09 8.73 -0.68 5.93 -9.59 -0.91 4.76 -4.45 -0.53 6.44 
5.20 0.96 -2.27 9.62 -9.27 7.38 7.24 -7.73 6.15 6.85 
9.71 -6.09 -3.44 -2.23 -6.52 4.00 3.81 5.39 6.34 -2.35 
-9.03 -8.47 -8.53 -6.23 1.09 3.10 9.75 -7.78 9.93 0.06 
8.57 -2.07 3.97 -2.79 -4.23 8.50 -6.35 1.15 5.74 -2.29 
