-8.68 -9.27 1.23 6.11 -5.83 -7.87 -9.89 4.87 5.68 -4.42 
5.82 -0.56 0.91 -7.43 -4.67 -0.39 -9.35 8.75 2.83 4.64 
-0.04 0.58 -7.70 -5.77 3.70 6.65 6.23 6.55 -9.06 4.63 
-4.79 1.56 -4.82 5.20 -7.75 -9.76 -8.17 7.95 -2.38 6.48 
-1.23 -9.36 5.85 -2.33 3.70 -8.68 6.93 -0.45 -5.90 1.31 
-6.28 -8.54 -7.62 -8.74 9.89 -6.68 9.05 0.08 -9.90 -4.45 
4.42 -8.15 -5.01 -9.04 -8.26 4.12 -2.12 1.27 -3.39 -1.59 
-3.32 4.97 -0.30 6.87 9.59 7.51 4.62 1.06 -4.57 4.51 
-0.91 -5.00 -9.93 4.56 3.28 8.55 -0.12 -3.53 -7.47 1.45 
-7.47 -5.47 6.08 -3.39 9.66 1.55 4.26 7.89 -9.69 1.11 

8.41 -8.28 -5.40 -0.11 -2.63 -4.21 8.10 8.84 4.95 8.39 
-3.27 7.88 -0.00 -2.46 9.65 1.37 8.13 1.86 9.48 -7.60 
-0.78 -4.67 7.47 6.68 -2.94 -1.23 -9.59 -0.70 3.41 -7.71 
-0.96 2.30 0.13 4.23 5.35 -5.26 8.14 -5.92 -5.83 -8.83 
-6.91 1.55 5.86 -8.07 -0.55 9.01 -6.49 1.39 5.85 6.55 
-0.72 -6.88 0.84 5.05 4.87 -5.73 7.43 -8.76 -6.33 -0.14 
-9.64 -3.42 3.40 -2.03 -5.72 -3.20 7.79 -0.48 1.13 7.91 
-5.98 -8.72 3.04 0.67 -0.73 -6.46 8.18 -5.12 -7.21 9.28 
9.68 5.81 -5.83 3.75 5.66 4.26 3.89 1.32 -1.07 -8.00 
-9.18 6.06 -0.82 0.82 5.90 -2.52 -1.46 -8.11 -2.56 -6.35 
