-3.79 -5.85 0.07 -8.48 8.15 1.71 0.16 2.14 -1.09 -5.14 
-9.95 8.64 5.30 1.22 7.78 -2.40 9.76 0.49 1.57 -9.21 
-7.83 -4.87 5.95 3.31 9.35 -2.29 5.10 -7.82 1.59 -7.39 
7.55 -0.29 4.28 4.81 -7.16 2.70 -0.66 7.23 6.86 -9.11 
-1.07 -3.61 -7.70 -0.90 5.69 2.88 -6.40 4.38 3.01 -3.02 
-6.16 -0.47 3.41 -6.69 8.62 5.15 -6.08 -3.59 1.53 0.65 
-4.73 5.62 4.44 0.98 -7.26 -1.55 -5.81 -4.07 -0.93 3.72 
-2.25 -3.21 -2.60 -4.46 5.43 -8.24 -1.57 -0.40 9.21 -5.84 
-9.90 -6.62 -1.39 -9.92 -2.23 -3.73 5.71 -3.66 7.71 1.30 
-0.66 8.93 7.91 -2.82 -3.40 -4.18 6.85 -0.42 5.22 -0.22 

7.47 1.09 8.88 6.03 -8.15 -3.56 -5.66 2.00 9.39 1.54 
0.97 1.25 -3.55 -5.22 0.25 7.17 2.56 -5.68 2.18 1.00 
-0.54 8.63 -5.26 -8.40 -6.76 -6.93 6.68 -8.63 1.71 -5.06 
-9.93 -5.63 -7.29 -0.23 -3.93 5.26 -3.03 5.68 -3.59 3.10 
-2.01 -6.73 7.99 -9.05 4.76 7.64 5.72 1.58 6.88 -8.71 
-2.55 -7.52 0.39 9.58 9.44 6.30 7.25 4.53 -5.46 1.19 
-6.56 -5.34 6.33 3.39 -5.49 6.91 2.33 -9.41 6.40 -1.83 
-2.27 -0.43 -8.69 9.04 2.96 -7.35 -3.75 -7.81 -6.55 -0.15 
1.18 6.27 -5.29 1.68 -9.56 5.41 -0.30 8.95 2.64 -4.54 
8.49 -1.08 -8.84 -8.21 -3.34 -9.18 8.38 4.60 -7.01 -4.07 
