-3.34 8.08 -8.13 2.50 -1.43 -5.56 0.80 3.49 6.88 -2.05 
5.54 -6.26 2.43 7.93 5.43 -9.85 7.41 -2.88 -5.75 5.73 
-9.09 3.51 -3.70 6.47 -2.18 -4.06 -5.22 7.46 6.93 -7.80 
-9.07 7.58 -6.77 0.55 0.75 8.04 -5.66 2.68 6.62 3.49 
-2.16 -9.79 -0.76 -7.73 4.53 4.48 7.97 1.51 -7.93 -0.61 
-6.88 5.47 -3.22 7.43 -8.45 7.75 -0.74 -2.32 -8.48 -0.47 
-5.48 -3.35 -9.30 8.37 5.92 -7.83 -8.37 -5.37 -3.87 -2.46 
2.44 -6.22 -4.35 4.49 6.07 4.44 -3.66 3.36 -0.23 9.76 
-9.66 -3.33 6.09 -4.63 -4.04 -8.68 -6.02 -0.26 -5.25 4.46 
-3.96 6.83 9.87 7.45 7.84 0.12 -9.30 1.78 4.02 8.62 

-4.27 1.74 -3.93 -2.84 0.04 7.74 5.99 -2.03 7.00 2.63 
-8.53 3.91 -8.16 9.22 5.06 -8.90 6.53 4.09 9.89 -4.05 
-2.98 8.63 -9.68 -0.71 -8.81 -8.93 -8.63 6.03 9.43 5.58 
1.65 5.93 1.76 -9.46 3.95 -8.76 -9.97 -3.47 -5.34 -8.55 
4.86 1.44 0.58 -3.15 8.78 -8.61 2.77 9.45 6.36 3.47 
3.13 7.37 -9.16 -4.82 3.74 8.01 2.64 -0.51 -9.30 9.59 
-2.50 5.36 -8.26 5.57 -3.73 -6.09 4.29 8.02 0.48 -9.65 
0.55 -0.20 1.22 -1.83 -0.21 4.09 -3.87 -4.24 7.33 0.61 
-0.40 3.46 -4.19 -9.22 -9.64 9.64 5.05 7.17 -2.51 7.72 
-0.74 9.80 8.75 8.19 -8.62 -8.11 -1.94 7.08 2.54 -3.02 
