6.05 8.01 9.28 -7.55 4.93 -2.37 -4.95 -5.10 3.88 8.32 
2.27 -3.34 -2.39 -0.82 9.96 -6.46 -1.03 5.20 4.65 -1.52 
-3.52 -8.03 -1.66 8.10 -3.28 4.62 7.73 -4.90 -1.44 1.80 
-6.89 -2.53 -9.41 -3.00 4.74 8.70 3.30 1.12 -2.58 -6.38 
-2.59 5.63 -8.25 5.70 6.09 -7.88 2.74 5.87 7.14 1.05 
-9.23 9.52 -3.55 -6.63 -0.04 8.02 -1.90 -5.14 7.15 -3.76 
1.14 6.49 -0.67 2.77 -6.47 8.48 6.79 0.17 -1.00 1.91 
-7.37 -7.69 0.42 6.91 -0.00 -2.65 1.88 -7.26 0.95 1.51 
-3.48 -3.25 0.31 -4.82 -4.10 -1.96 9.87 5.62 4.71 -3.38 
5.05 -2.58 3.00 2.63 2.07 1.82 -3.13 -5.13 -1.60 -2.79 

2.23 -3.09 9.34 9.56 -4.44 6.66 -0.76 -6.87 5.88 8.73 
7.00 7.73 9.15 5.47 -3.70 -1.44 1.17 8.91 -9.32 0.71 
8.14 -7.06 1.32 5.01 -9.31 5.08 -5.73 7.41 2.62 -6.39 
-9.02 -9.79 -4.38 -5.40 9.38 -6.75 5.46 8.34 2.48 -7.55 
4.78 0.84 -5.98 -3.15 3.05 4.50 -0.70 -9.30 -0.63 5.97 
5.66 -5.85 -3.96 -8.73 5.47 -6.02 1.34 -9.88 -0.21 -1.50 
9.61 -8.31 4.51 6.56 -1.32 -7.94 -7.98 6.38 -1.96 3.68 
-5.86 -5.12 -8.99 0.92 3.40 0.37 3.32 6.76 -6.59 -4.27 
-3.93 5.08 -9.20 -5.49 8.52 6.88 1.07 3.09 -2.86 2.06 
5.42 -7.57 -3.50 9.94 -0.83 -7.04 -1.90 -1.36 4.02 -7.15 
