-7.30 6.96 3.79 3.97 -6.14 5.27 -9.00 -4.34 -0.72 -3.86 
-0.42 1.57 5.92 9.90 -2.21 -2.43 6.72 5.64 -1.76 -7.37 
2.12 -7.83 -1.40 -3.19 6.13 -9.26 6.79 -8.33 7.13 -0.17 
-7.25 0.92 -5.53 -9.30 0.03 -6.12 -6.19 -7.93 -5.99 8.48 
3.13 -7.12 -6.76 3.18 4.24 5.77 2.38 -0.78 -9.17 6.30 
5.77 5.88 -1.80 4.38 8.12 9.75 3.88 -0.04 -1.07 -2.76 
5.44 3.10 -4.67 -9.40 -7.50 0.49 -6.19 5.83 -3.50 -5.76 
-3.88 6.36 3.74 0.00 1.41 1.18 -3.00 -7.37 -0.42 4.01 
7.08 8.23 -1.86 3.39 5.45 6.77 -2.17 -6.36 5.91 6.87 
9.65 -5.42 1.88 -3.41 -6.91 9.92 0.34 -4.65 -6.32 8.07 

4.99 -5.23 -0.90 5.18 9.65 -7.60 0.69 7.95 -0.08 1.09 
8.68 7.81 -3.57 0.83 3.13 -7.97 -8.49 -9.67 -6.34 1.62 
-5.73 -7.51 -9.63 1.57 -6.00 -0.46 -0.39 -7.99 -5.88 5.42 
6.01 -4.31 -8.38 -9.86 1.63 2.83 2.78 -8.94 -7.12 4.12 
-4.73 -9.90 -2.61 4.03 -3.41 -4.33 -4.94 -8.68 0.11 0.47 
-8.12 -1.22 -8.13 2.38 6.71 -3.49 -2.42 -1.75 1.00 0.23 
2.31 -8.34 -6.75 6.54 -2.95 7.72 -7.77 -8.14 -6.28 -4.25 
1.80 1.92 8.46 0.13 -7.87 -2.39 3.50 3.82 -3.14 -8.76 
-5.43 2.71 -9.86 0.77 -5.68 -7.44 -1.51 6.63 -4.65 -8.78 
-9.64 0.34 6.75 9.09 5.31 9.56 9.09 -5.71 -0.44 -7.89 
