-6.95 8.66 2.24 -6.63 7.89 -2.49 -3.20 -8.21 5.78 -2.84 
1.15 2.24 -6.03 -6.70 -7.76 -0.63 1.12 8.74 -3.45 -3.26 
5.43 1.60 -6.48 0.00 -2.04 6.96 5.17 -5.18 4.73 -3.97 
-0.06 -0.70 -9.61 1.52 -0.49 7.75 4.07 -1.55 -8.25 2.94 
6.97 6.39 3.90 -8.11 -9.81 0.06 5.46 3.81 -0.39 3.11 
4.68 -6.32 -9.77 -3.75 -3.22 -9.87 -3.33 6.06 8.88 -5.24 
8.22 -7.50 5.19 0.07 5.37 -5.01 -4.04 6.82 5.97 0.03 
-7.99 2.80 -2.50 -3.67 -6.06 -7.27 -7.27 -6.92 0.53 9.52 
2.65 6.32 -7.12 -9.84 8.18 8.59 0.08 -2.51 8.81 -3.71 
-8.81 4.11 -4.57 -6.49 4.11 -9.02 6.39 -2.70 5.70 -7.02 

9.88 -1.29 5.70 -2.18 8.53 -8.13 5.37 7.59 -8.14 -6.67 
-9.87 -7.46 0.14 1.76 3.29 -6.23 0.36 -7.76 8.07 -5.26 
-1.98 8.34 3.85 9.61 -8.58 5.39 -8.56 -4.15 -5.65 0.22 
-8.03 3.05 7.59 0.47 -5.11 -7.85 -8.46 -4.01 -1.89 -4.98 
-4.96 -9.11 2.57 -9.05 9.86 -0.24 4.79 -5.89 8.33 -6.65 
0.10 6.50 3.43 7.32 -9.94 1.22 -4.45 5.81 0.10 -8.23 
-4.06 -5.58 -2.47 -8.70 0.26 -5.00 -1.71 7.22 -5.65 8.70 
-2.03 -8.58 9.54 -1.82 4.68 0.11 -9.66 8.27 0.25 -6.67 
-3.70 -1.58 -0.36 -0.31 -3.31 -0.30 8.19 -1.04 1.11 -5.75 
0.39 3.58 4.57 8.80 4.81 4.45 7.38 9.74 4.12 -9.53 
