1.36 -1.83 -2.89 -7.03 7.42 -1.21 -7.43 -6.37 -1.58 1.43 
6.08 -5.59 1.68 -9.45 -1.50 1.06 -9.25 -8.38 4.44 9.24 
6.78 -1.29 -4.80 -9.25 8.37 9.76 -5.90 -9.06 -2.02 1.58 
-7.49 -6.69 6.01 3.36 -5.15 5.73 -9.58 -3.55 -2.84 -1.96 
-5.10 -0.77 1.95 2.04 1.97 5.21 -6.97 -9.15 3.43 -8.03 
-8.20 -3.13 -4.99 -1.88 -1.20 7.08 -1.58 -3.50 5.45 7.91 
0.22 -8.52 9.83 -7.08 -8.89 -9.52 0.97 8.95 9.15 8.97 
8.62 4.56 -2.11 3.63 -2.29 -1.49 5.34 9.65 0.75 -1.60 
1.08 -8.48 6.61 -8.00 -5.62 -3.63 -2.37 4.72 0.35 -1.98 
4.81 6.67 -4.05 -6.58 9.98 2.47 -8.22 0.97 -2.80 -3.16 

7.32 -7.08 3.34 -4.57 2.22 4.57 7.22 -4.63 0.48 -8.50 
-7.34 1.52 -8.19 -2.92 6.75 -3.45 9.48 -1.25 -5.13 9.88 
-5.21 -8.54 3.94 -7.27 -6.45 -5.29 7.04 -8.71 0.14 -5.54 
-5.74 -1.10 2.45 -1.30 2.94 -8.89 -4.35 2.95 4.03 -5.25 
-2.95 5.87 -5.82 8.37 -7.29 4.76 7.46 -7.59 6.94 5.33 
9.71 -9.04 -6.43 6.17 -5.34 -3.38 -7.93 -7.41 0.52 9.97 
-0.76 -5.02 2.85 7.48 -9.90 -5.66 3.69 3.81 2.78 -1.60 
5.62 8.30 5.08 3.11 -2.84 -7.52 -5.77 2.67 -4.18 -6.67 
6.59 -8.75 -1.52 -3.89 -0.76 2.57 9.24 -6.18 -8.75 -5.12 
-2.33 -7.43 -0.29 4.53 -4.73 6.38 -2.69 -4.17 7.79 0.58 
