-4.99 -1.06 -7.06 -4.56 0.96 -0.67 -1.97 8.39 -9.64 8.99 
3.25 0.90 -3.80 7.33 -1.21 9.25 4.39 -6.85 9.52 -2.15 
-2.59 -2.18 7.42 -7.25 8.10 1.33 5.13 -9.80 0.89 -6.21 
3.34 -8.62 -5.86 0.70 5.21 6.60 -8.91 -5.05 -5.50 9.79 
-1.79 -0.06 8.98 -0.86 -1.75 -8.27 -4.38 -0.85 -0.75 -0.59 
3.29 4.59 3.34 -3.44 -9.44 6.15 3.33 -5.72 -5.51 -7.40 
0.94 -1.70 8.81 -0.84 2.51 6.24 -8.12 4.87 -2.00 -4.68 
-9.67 1.75 6.86 5.43 -1.96 2.71 -9.53 -4.73 -8.87 9.29 
-2.31 -8.96 -8.46 -7.43 0.70 0.52 7.20 -0.13 6.57 0.52 
9.95 8.55 5.75 1.04 -4.73 -9.67 9.15 4.12 -4.64 6.95 

-1.18 -3.62 -3.69 5.30 -0.06 -3.85 6.17 1.47 6.65 9.53 
-2.47 9.45 -5.88 5.37 -0.06 -3.96 3.25 -2.93 0.13 -4.88 
-2.30 -5.28 4.86 -7.79 1.30 -5.74 9.59 0.04 5.32 -5.22 
-0.26 6.24 5.55 2.92 -10.00 8.02 -9.32 0.96 -8.72 -5.03 
-3.84 5.99 2.35 -5.55 -7.56 -8.57 7.62 6.53 9.61 -2.71 
3.55 8.79 5.24 1.82 6.89 9.43 -5.59 0.73 7.20 -5.98 
-9.40 -2.92 -7.59 5.45 7.65 -4.01 3.36 0.63 -9.49 1.64 
-8.48 2.40 0.69 -2.90 6.21 -3.71 8.28 -7.34 -3.78 -1.69 
3.97 7.60 9.41 2.85 -0.12 2.49 3.00 5.01 -2.94 9.91 
-7.13 5.52 -3.38 6.36 8.16 5.37 -9.31 2.71 1.58 -3.26 
