7.43 5.76 -1.67 3.57 -9.82 0.02 3.99 -8.14 -8.03 7.43 
2.37 3.41 -7.86 -7.22 -7.15 2.93 5.52 2.55 6.69 3.89 
5.77 4.78 -8.62 4.14 -1.63 2.69 8.72 1.72 3.82 -5.26 
-4.02 0.82 1.54 0.29 6.05 -3.40 9.16 7.30 -4.62 9.74 
-0.90 7.14 7.98 9.96 -7.69 -5.98 -6.52 -4.20 9.21 2.25 
2.11 -3.36 -6.77 -9.59 8.40 -3.01 4.01 -0.85 -8.50 -4.78 
-6.54 -3.74 -0.38 2.75 -0.85 3.60 -2.66 3.73 -1.90 5.05 
-4.99 4.13 -5.42 -9.33 9.46 9.48 4.74 0.68 0.53 1.75 
-5.35 -0.88 6.27 -1.82 -4.60 9.04 0.37 -3.80 7.89 3.81 
6.93 4.62 -3.83 8.90 -6.15 3.70 9.12 -1.71 4.49 -6.11 

-3.94 9.82 -2.22 -3.64 0.94 2.56 -6.30 3.86 7.28 4.09 
-2.39 2.06 -6.50 9.65 6.66 6.52 3.54 -5.93 -2.32 -2.81 
4.16 6.25 3.39 4.08 4.39 7.30 -3.36 6.40 -6.87 -2.00 
2.93 -7.93 3.84 -8.18 1.37 -4.67 -6.55 8.95 6.34 -4.11 
2.92 -6.95 6.52 8.42 4.74 -5.10 1.39 6.03 -3.21 1.33 
0.91 6.28 6.55 -5.00 -3.90 -7.54 -3.04 3.51 2.10 6.46 
7.69 6.13 0.25 -8.60 5.46 -2.57 -2.11 0.69 -5.95 -3.70 
-6.94 5.44 -2.07 -7.29 8.31 8.73 -5.08 1.15 -4.58 7.23 
1.01 1.61 1.88 -8.41 6.73 -6.82 -4.18 -5.48 -7.45 -6.18 
-5.69 7.61 -9.09 -2.12 -9.21 -8.68 -1.12 1.22 -3.01 -2.48 
