3.47 3.91 9.30 0.93 8.77 8.64 1.59 4.38 -6.21 2.70 
4.51 1.41 -4.02 2.71 5.99 -2.61 0.78 3.17 2.51 5.95 
2.79 -1.47 9.51 -4.81 4.80 3.01 -4.11 5.60 5.12 4.47 
4.18 9.28 6.62 -7.54 -6.28 0.04 8.64 -5.66 4.67 -1.63 
8.95 7.47 -0.14 4.99 8.86 4.28 5.17 -8.84 9.60 7.38 
3.15 9.11 -9.68 5.73 6.03 -7.95 5.02 5.66 4.97 9.48 
-0.49 -9.98 6.07 8.29 9.37 5.02 -7.39 1.79 5.84 8.81 
7.27 -9.79 -2.22 1.21 -6.43 5.22 3.01 4.50 -2.56 5.63 
-1.02 8.08 -9.56 5.49 6.37 -1.96 -6.71 4.70 -7.99 -8.07 
-9.79 -2.70 -6.26 7.75 1.87 -3.01 5.77 -5.46 -9.49 -0.73 

-9.64 -9.16 -0.26 4.51 -5.09 1.42 -3.36 4.64 9.98 -5.65 
1.49 4.90 3.86 -7.04 6.17 -5.79 -1.45 9.81 -3.98 4.27 
-2.99 -7.03 -0.02 8.75 -7.26 -3.25 8.21 5.05 3.58 -5.71 
-3.16 -5.34 5.08 -1.16 -0.98 -9.32 8.05 4.93 -5.03 0.30 
-2.79 -5.78 5.97 4.43 -7.06 -9.08 -9.94 -4.76 1.80 8.02 
8.35 4.68 -0.35 1.78 -0.98 2.26 -1.73 -9.56 1.15 -8.79 
-1.90 -3.54 -3.83 -4.43 -9.11 3.90 4.44 4.85 1.12 9.26 
-1.51 4.05 -0.49 -7.32 5.29 -0.71 -6.18 2.24 2.82 7.05 
7.30 2.65 1.30 2.68 -8.02 -3.59 -4.74 -1.65 -0.80 -2.06 
5.54 -5.00 7.62 -8.70 3.31 7.15 -6.63 -1.08 5.37 0.87 
