1.86 -8.54 2.94 -1.61 7.85 3.69 -4.23 -0.39 2.77 -6.50 
-2.44 8.66 1.34 1.50 -7.45 -3.94 5.99 8.06 8.79 -4.67 
-1.57 -7.02 -3.89 3.01 3.17 5.54 5.13 4.31 -8.96 -1.53 
-9.43 8.67 -7.74 -1.53 -9.92 -8.23 4.91 6.25 4.57 -4.40 
0.21 -3.05 7.91 2.00 -4.74 -1.93 5.70 -5.95 3.32 -6.70 
1.75 -6.39 6.55 -6.54 2.72 -1.40 6.92 3.13 -8.71 -8.40 
2.54 -8.13 8.56 -3.33 -3.86 5.41 7.19 9.92 0.55 1.23 
3.74 -4.46 4.03 -5.99 -0.77 7.77 -6.04 -4.51 -7.13 -5.83 
0.50 -4.69 3.91 -2.60 4.49 -6.18 -1.38 -1.77 5.86 1.17 
-2.09 1.14 2.46 4.04 -0.13 -7.66 -4.11 9.84 0.81 3.39 

6.97 -3.55 -4.47 -4.31 -7.53 9.88 -5.50 -0.55 -2.66 2.92 
-0.90 4.69 -3.03 7.39 -6.47 -6.40 -2.21 -5.67 1.40 7.10 
-4.00 -9.07 -8.54 -1.92 -9.99 5.17 -9.25 1.39 -7.17 7.58 
0.04 -2.45 3.81 -4.68 6.78 5.76 4.93 -2.00 9.00 1.89 
0.96 -9.78 2.30 -0.50 1.12 5.01 6.61 4.09 6.88 -8.84 
-8.15 -0.11 -4.72 -2.12 4.95 9.72 -9.74 -3.57 4.47 -7.99 
7.68 -3.27 3.17 -9.70 5.86 -2.20 7.69 2.17 8.27 5.48 
-7.63 7.70 -6.33 -7.18 -5.23 4.68 8.19 -9.84 -1.15 -1.08 
-4.49 -3.65 -0.00 -8.26 2.52 4.91 -9.43 -5.45 -0.42 9.39 
9.87 -3.52 -7.47 -1.58 7.17 -1.46 -3.02 -4.50 -4.25 2.16 
