1.52 -6.17 -4.81 0.12 -7.30 8.80 -6.19 -0.49 -5.87 3.23 
0.22 0.06 9.70 9.82 8.65 -5.59 -6.77 6.53 -1.87 6.61 
-3.47 -4.36 -2.30 8.17 0.38 3.02 7.47 3.27 -3.07 7.79 
9.72 2.61 2.51 0.75 -5.05 -6.53 6.72 5.76 8.82 2.47 
-2.98 -0.45 -0.92 8.71 -9.92 8.56 4.31 7.57 2.17 -2.97 
9.94 -6.42 4.13 7.14 3.57 8.82 4.64 -5.48 -6.89 -5.35 
-5.33 -7.53 6.08 -5.98 -2.38 -9.61 5.12 -6.68 8.92 -7.63 
-4.05 -2.30 3.66 -9.33 -4.25 9.94 2.02 0.33 -7.97 0.57 
6.16 -9.03 -6.90 -4.41 -2.93 -0.58 -4.31 -9.48 1.18 1.92 
-3.24 2.95 -9.19 2.60 7.78 -6.22 -1.52 -8.31 0.50 1.16 

-7.14 -1.41 -7.31 -9.26 -2.10 -0.00 -5.82 -4.37 -9.15 -7.97 
-1.65 7.15 0.58 7.40 2.85 4.32 0.03 -0.97 2.61 5.22 
-5.96 9.40 5.56 -6.49 3.38 0.20 -7.84 5.00 -7.07 -6.60 
6.16 5.15 6.75 0.04 -5.92 4.64 8.88 3.56 3.32 0.12 
-0.08 -4.76 -4.60 1.71 5.27 -5.45 5.04 -5.05 -9.16 -6.42 
-2.42 9.75 2.66 -9.52 0.71 -1.20 -9.57 0.35 7.80 6.12 
-2.76 -6.98 8.21 0.93 -0.30 9.07 -9.79 -5.28 -8.13 6.19 
2.06 -9.15 -2.05 -6.64 8.23 -9.55 -2.77 -0.62 6.05 6.68 
-0.82 -0.04 0.44 -5.13 7.33 4.61 -5.49 7.47 -8.56 9.49 
-8.11 -2.90 -4.31 2.66 -3.33 6.16 -6.77 -7.37 2.41 -1.62 
