-6.12 -8.61 -3.33 8.82 3.53 -6.91 4.03 -2.91 9.91 -9.16 
5.13 -8.96 7.53 -2.81 9.40 -9.59 7.38 1.61 6.33 -9.86 
-8.94 -9.64 -4.78 -3.01 -9.63 -8.19 -9.20 -7.65 5.34 7.47 
-3.26 1.01 1.11 6.72 0.41 -6.38 -0.07 -2.80 8.70 2.35 
-0.43 -1.09 9.62 -0.60 2.76 -8.52 -8.98 7.66 9.66 -6.81 
-1.88 5.53 -6.22 9.71 0.40 3.35 7.33 2.65 -1.46 4.38 
3.61 -1.52 -6.30 9.23 3.41 -5.53 3.19 4.57 -0.48 -9.68 
-7.38 -2.78 8.44 2.10 -5.31 8.50 -7.47 -7.14 1.76 -4.38 
-1.08 -8.03 -0.23 8.68 -1.73 -1.51 6.58 -4.55 -6.41 -0.77 
4.69 -0.96 -8.41 9.81 1.63 0.10 -2.99 -0.91 0.40 -5.57 

-7.26 -5.04 7.69 4.00 -7.18 1.46 9.09 1.56 -0.79 3.39 
-6.74 -5.01 -7.57 3.70 -8.87 -4.11 1.37 6.30 -2.84 -0.48 
6.63 -6.78 2.84 1.00 -3.65 -7.48 -6.51 4.66 4.09 1.35 
6.94 -2.33 8.17 2.16 -5.52 -5.25 -9.58 2.93 7.19 -7.86 
-9.87 -0.06 -2.88 3.24 -1.06 6.57 0.17 0.59 -2.49 3.95 
9.76 -0.74 -5.65 4.96 6.62 0.20 2.13 1.50 -6.33 1.54 
-7.12 4.57 -2.19 -6.06 8.16 -9.32 -3.17 0.77 -1.01 0.12 
0.51 -7.63 1.21 6.71 8.15 7.79 9.56 7.37 -3.27 -6.44 
-8.52 3.32 5.30 -1.80 9.24 -1.57 -3.88 -2.41 -9.41 -1.80 
0.58 -0.63 -3.27 3.46 1.74 7.93 5.57 -3.76 0.37 -5.40 
