-2.74 -9.69 0.66 -9.15 1.16 7.83 5.63 -3.42 4.46 2.13 
6.27 -1.72 8.27 3.98 0.02 -1.28 -3.90 1.16 1.25 6.78 
-9.28 -9.21 1.19 -4.26 -2.66 2.64 -4.84 -4.23 -8.19 -2.93 
2.26 9.37 8.07 8.27 8.20 1.49 0.85 7.59 -4.03 2.03 
-6.38 -8.25 3.63 -9.43 1.10 -5.27 9.06 -0.15 -0.63 -8.35 
-0.83 -9.76 -4.67 4.45 -2.84 9.13 6.68 4.49 -9.09 3.09 
4.49 -4.60 -3.48 8.23 -9.33 9.86 -0.73 -1.17 -8.58 0.23 
-3.84 -9.74 -1.58 -8.27 -1.22 0.43 5.33 -4.54 1.24 3.44 
4.69 -5.95 -5.24 -8.14 7.50 -7.16 -5.74 -8.50 9.83 3.09 
-2.81 -8.03 -8.02 2.37 3.53 -9.51 8.77 -7.58 -6.57 -3.00 

8.39 4.08 -0.18 1.86 -6.92 -9.15 9.46 2.39 -1.01 6.39 
0.23 3.56 1.29 -2.84 9.61 5.20 -8.14 -2.40 -7.41 6.00 
9.98 9.80 6.14 1.67 -7.20 0.45 7.66 -3.85 1.77 -4.45 
-6.36 4.31 8.73 -1.88 4.83 6.24 4.61 -7.04 9.23 -6.87 
0.40 2.15 -8.55 8.10 -1.22 3.94 6.44 7.46 7.74 4.93 
6.02 -7.50 -9.31 -7.70 -8.68 -9.80 -0.80 7.15 5.00 -8.05 
7.98 -7.59 -9.44 -0.06 -2.57 9.97 -7.11 -0.58 9.88 2.39 
-6.12 -7.06 3.31 0.93 2.86 7.62 -6.40 6.16 4.14 2.61 
4.68 -9.17 3.49 -6.11 -0.81 -0.04 -2.67 -1.40 -2.68 8.97 
6.13 -5.40 -5.73 -1.21 1.75 -3.69 -8.76 0.87 5.38 -6.64 
