4.20 -7.63 -9.68 -7.82 7.30 2.49 2.73 9.12 9.23 -2.18 
8.09 1.16 -3.06 0.64 -7.36 -0.61 8.18 -3.64 -2.83 -5.59 
1.79 5.55 -7.57 7.20 4.47 9.53 9.66 5.85 -8.60 -6.59 
-4.90 9.80 0.29 -8.06 -9.85 3.49 8.57 -7.25 2.17 2.90 
1.88 -8.12 -8.39 -3.35 5.82 -5.30 -7.56 1.04 6.95 0.85 
3.58 0.48 -0.83 5.48 -5.16 0.63 -2.43 -9.01 -5.85 3.46 
2.74 -2.14 -5.27 -6.74 -7.56 7.93 -2.46 8.39 -1.03 -0.76 
2.16 -8.96 7.10 5.92 -4.17 -6.52 8.79 9.65 0.52 -6.96 
-3.12 0.68 -2.17 6.63 -0.06 -2.79 -5.36 -5.06 -1.86 -6.57 
-6.51 -8.76 -0.79 3.96 1.69 2.63 -3.95 -3.07 -7.01 -7.32 

4.04 -9.26 -5.40 0.68 2.58 2.71 -5.77 -1.23 7.55 -9.84 
2.66 7.33 0.22 3.95 -0.50 -1.24 -5.24 2.37 -8.35 0.96 
9.83 -4.73 8.86 -0.01 6.64 5.62 1.43 -2.22 5.95 5.19 
-9.98 4.36 1.98 -4.04 -0.92 3.98 -6.06 3.05 4.52 -0.39 
-6.11 -6.89 -9.32 3.97 -8.11 -1.47 6.44 8.53 -9.81 2.85 
-5.45 -6.98 -9.67 -3.38 -0.87 0.65 -5.98 -7.17 -2.71 -2.80 
3.01 -9.73 -7.85 -8.36 1.94 2.23 -9.45 8.50 -7.71 -5.67 
0.52 -5.06 -1.23 -9.05 7.46 -5.94 -2.08 -0.96 8.11 7.49 
8.36 4.08 3.39 -2.89 -6.00 4.92 -7.41 -1.03 1.45 1.61 
9.16 1.35 2.07 6.49 -6.78 -1.95 -3.11 -8.38 -9.44 0.49 
