0.69 -4.68 3.66 6.35 4.42 -4.00 3.93 -6.84 -3.03 4.18 
-7.50 5.20 -2.13 0.22 5.78 1.99 8.92 -2.29 1.23 -2.39 
1.19 -8.66 -5.85 5.07 -0.54 -0.68 4.50 7.03 -8.20 -3.30 
8.19 -1.11 9.30 1.15 6.94 -8.36 -5.36 2.41 -4.47 7.79 
9.10 -9.93 -7.06 7.50 -0.65 3.07 -0.55 -6.98 3.66 -7.29 
7.26 5.67 9.93 0.85 7.36 -2.91 -8.28 2.91 0.60 -0.33 
7.88 5.59 5.10 -7.12 6.36 -7.46 -1.94 0.15 8.90 -4.32 
-2.25 7.90 3.08 -3.39 2.35 -7.66 -1.20 -7.19 -7.27 -2.68 
5.06 -4.24 4.55 5.74 2.81 0.83 6.92 5.82 -5.11 5.36 
3.00 3.76 7.83 6.28 -8.66 -4.60 -0.40 -5.71 2.12 -2.43 

0.72 -2.08 6.21 -0.24 8.35 -0.92 -0.52 9.94 3.18 -8.17 
0.73 -7.12 -6.83 2.97 6.46 -0.09 7.05 -6.73 3.20 -7.07 
-6.59 -1.70 -3.69 8.06 1.12 -1.26 -7.02 7.56 8.24 5.06 
5.14 1.49 5.81 -5.37 -8.93 -7.69 -3.89 4.59 8.08 9.49 
-5.86 -0.61 -7.45 8.39 6.76 -6.26 -4.17 0.63 -5.69 9.16 
-1.01 -7.79 -8.87 5.05 0.14 -3.71 3.50 -7.04 4.45 -2.45 
-4.16 8.81 8.87 -8.12 4.97 1.15 -9.73 0.37 5.16 -4.63 
-8.10 9.40 5.22 9.72 0.25 6.06 6.12 -0.66 -9.11 2.77 
-4.14 -9.00 -3.18 -4.95 0.16 -8.34 7.28 -9.45 -6.66 -3.63 
7.08 -8.48 6.52 5.96 -5.31 -1.42 -9.75 -5.85 -4.10 -1.65 
