0.99 1.56 4.44 6.64 7.97 -3.50 1.68 -3.52 -4.41 9.80 
5.53 -5.51 -6.17 -0.76 7.53 7.35 6.72 8.58 -1.43 7.79 
7.74 7.76 3.19 8.78 2.10 2.95 -8.00 8.25 8.10 -8.83 
-5.35 -3.58 6.33 -0.40 9.12 -0.49 -5.09 8.10 -6.06 9.47 
-5.93 -8.43 -1.14 3.77 1.42 7.75 1.38 -7.36 -2.48 5.28 
-0.86 -8.93 -1.37 9.89 2.17 -2.85 -6.93 7.46 -3.07 3.89 
5.36 -0.05 3.80 4.84 -5.62 6.84 0.44 -2.03 -6.49 -1.65 
-7.49 3.05 0.45 1.83 0.15 7.62 5.38 -3.72 -4.55 -9.93 
1.65 -8.21 -4.74 8.49 -0.66 0.77 -5.83 -7.52 -5.61 5.08 
-5.22 3.07 -4.75 3.38 4.73 -7.32 -8.15 -7.18 3.36 -0.90 

6.55 8.61 -2.08 4.68 9.30 -6.44 6.98 -2.20 -6.48 -7.57 
-3.84 2.69 5.21 -5.45 2.93 3.63 -5.78 9.13 6.99 7.28 
7.29 -1.89 9.13 2.68 7.62 -3.43 -3.92 2.04 1.24 -8.42 
-3.10 -9.73 -7.57 6.80 -8.73 -6.13 -3.18 6.40 7.04 5.73 
-3.13 -0.18 1.04 8.60 -6.12 -7.06 6.17 5.44 -4.75 3.05 
-5.08 9.24 -4.27 4.12 -4.96 4.52 5.43 0.48 -6.91 -1.34 
5.53 -9.03 8.68 -0.82 1.68 -7.37 8.59 7.89 0.04 -2.50 
1.34 9.93 1.66 5.36 -5.16 1.83 1.16 9.49 -7.17 -3.53 
-2.03 8.06 5.62 6.54 4.96 8.34 9.43 3.85 3.97 0.79 
-0.30 8.27 -5.02 -7.16 9.66 9.62 -4.34 6.79 6.50 -0.64 
