-6.26 6.55 -4.30 -7.74 -3.69 -7.88 -7.23 1.30 4.60 2.61 
3.44 4.49 1.72 -2.74 -3.46 2.08 1.14 1.98 6.59 -5.80 
0.24 2.10 2.69 3.38 -5.07 -3.18 0.38 9.97 -8.34 3.41 
8.87 -8.42 1.54 2.37 9.89 -5.71 -3.90 0.72 -0.95 4.21 
-4.97 -1.50 -9.20 -1.57 -8.58 6.16 -2.99 0.47 7.32 -1.04 
-8.32 -9.57 -7.19 -9.43 5.90 -7.63 -3.86 -2.87 6.61 5.35 
-6.73 -0.90 7.92 5.06 1.71 3.72 9.26 7.63 -4.18 -6.74 
3.36 5.30 -1.58 -5.53 -7.85 -0.78 -1.04 5.94 -7.33 8.20 
3.55 5.49 -5.47 -6.65 -4.74 -5.35 8.13 3.80 -6.49 3.18 
-2.94 7.08 0.81 9.92 3.70 0.91 5.80 5.38 1.38 -2.28 

-7.74 6.63 7.43 3.21 3.13 5.66 8.67 3.76 -1.06 8.76 
-3.97 0.49 3.30 -3.60 -9.99 -9.64 8.33 -0.25 9.10 -7.74 
-7.89 -4.37 5.48 -6.41 6.63 8.92 -1.73 -4.97 2.34 -5.60 
-8.96 -2.79 -8.09 9.16 -6.70 -3.61 2.29 9.00 4.95 7.23 
9.73 -7.70 -8.68 1.36 -7.97 -8.84 -6.33 4.07 7.94 2.72 
-7.01 8.03 4.53 -7.27 5.58 3.12 -6.13 -1.77 -8.82 6.06 
0.70 6.07 -7.70 -9.57 2.84 -8.10 -0.68 0.50 -5.78 3.68 
-9.76 1.58 -0.08 8.15 9.32 -5.70 -5.19 7.78 -6.41 -1.36 
-8.60 5.39 9.76 -7.18 -5.92 0.92 -6.39 6.56 9.99 -7.91 
0.72 -8.92 6.60 -1.13 -6.54 0.12 2.81 -7.63 1.29 -0.40 
