5.09 -5.87 9.84 1.75 0.06 9.05 -9.73 -1.69 9.65 1.58 
-3.08 -4.43 9.34 5.02 -6.09 7.78 -0.83 1.83 -2.15 -8.56 
9.41 7.39 7.04 0.16 2.56 0.69 1.58 7.75 6.24 -5.00 
-5.85 7.81 -0.96 -8.71 2.00 -8.85 0.94 4.27 4.61 4.75 
6.71 -1.37 -5.26 -2.23 -2.68 3.65 9.32 5.57 4.08 -6.90 
5.99 6.88 -3.09 1.54 -4.62 -4.26 -4.14 6.05 -3.13 3.46 
2.27 5.01 8.16 -9.08 -5.03 2.57 -2.29 -9.21 -0.13 -1.88 
5.25 -5.53 2.42 -1.66 3.82 1.72 7.19 -4.67 2.14 -8.18 
-7.83 7.80 -3.14 8.75 1.59 9.52 -5.38 6.77 -2.93 0.79 
7.25 -5.68 4.99 0.13 -5.92 -2.22 6.00 -4.34 -0.91 0.10 

3.18 -2.21 -1.89 8.99 8.93 -2.32 1.07 6.92 -8.43 7.94 
-0.13 -3.77 7.30 -6.66 -2.70 -1.44 0.71 0.66 -5.76 -0.64 
-8.25 -4.15 -0.56 8.00 9.88 7.09 0.61 9.30 3.87 5.21 
3.73 4.59 -7.55 4.80 -6.65 -8.19 5.61 -5.94 1.22 5.09 
-5.39 -1.93 5.03 -1.29 4.58 -3.39 9.13 -1.79 -0.17 6.29 
9.46 -5.98 6.45 -4.98 -6.58 9.37 8.66 -9.93 8.44 -4.26 
-8.45 7.90 7.32 7.17 -3.08 -8.09 9.13 9.68 7.54 4.07 
4.80 6.41 2.44 6.52 6.39 1.02 6.29 -8.96 -7.20 -2.64 
-9.95 -6.42 -9.72 0.70 8.13 -8.81 3.20 9.15 1.41 1.15 
2.40 8.69 -5.48 0.14 -2.53 -5.31 9.92 6.11 -1.31 8.15 
