-7.33 -6.24 -8.92 4.84 3.94 5.33 1.91 -8.93 7.31 -8.83 
-6.59 -0.60 -3.39 7.91 -0.85 -2.67 -2.82 -8.97 -2.83 -6.32 
4.44 -8.21 -7.52 9.76 9.47 5.20 7.03 6.74 -1.35 -5.54 
9.51 -9.36 -3.17 -8.19 9.46 9.14 -2.15 4.54 3.72 1.12 
-5.35 -6.67 -7.62 6.51 -0.36 5.51 -8.09 3.72 -8.78 -3.93 
3.54 7.87 -5.94 4.84 -6.36 7.36 0.30 2.68 -2.18 -4.67 
9.32 -6.02 -8.38 5.25 6.25 -4.01 -6.29 -7.26 5.85 8.23 
8.68 5.98 0.21 6.73 -0.27 -7.74 2.72 1.14 -5.01 -2.71 
0.96 -7.38 -6.78 8.35 6.25 6.91 4.72 4.91 -6.38 4.85 
-5.45 -2.44 8.69 3.96 2.38 -8.46 -7.94 8.82 -6.90 9.36 

-1.25 -2.10 5.56 3.50 2.07 -1.60 -8.69 5.23 -4.41 0.60 
7.05 8.00 2.98 -5.97 1.65 -3.44 3.44 0.96 1.27 3.11 
9.30 -6.00 -5.10 9.66 7.18 3.73 -6.04 -3.03 -5.15 6.38 
-6.24 6.98 -9.61 5.30 5.83 5.31 -3.37 -2.60 -0.86 -7.96 
-1.49 7.94 -7.60 -8.33 2.48 1.34 3.08 3.56 8.04 -5.67 
-4.25 -3.58 -2.02 0.82 -7.65 0.03 -7.01 3.64 3.80 -4.84 
0.32 1.62 2.20 -1.55 8.92 -4.61 -4.91 3.96 4.27 -3.34 
-9.25 -9.63 -7.65 6.94 -5.94 5.68 -3.56 -2.02 -1.70 -5.94 
9.18 7.94 -3.42 -7.70 8.46 -4.72 1.09 -5.69 0.88 6.74 
-6.55 -7.01 6.64 0.04 4.55 -4.81 9.60 7.14 9.60 8.11 
