-4.95 -4.42 -9.83 0.68 3.56 -5.67 -3.15 -5.02 -0.81 -6.66 
-3.32 7.62 9.58 -0.69 -4.14 -7.49 8.77 -9.02 -2.27 6.14 
-5.81 -4.90 8.00 -1.62 0.70 6.71 -5.60 -6.91 2.24 0.64 
8.54 5.64 -1.09 8.77 -5.77 -4.24 -3.53 0.05 1.72 -6.26 
-0.54 -1.42 -4.31 -5.12 -4.43 6.13 9.19 -7.07 4.36 6.25 
-4.44 -9.54 1.66 9.88 -1.82 -8.09 2.37 -2.76 8.53 5.16 
8.97 6.38 -0.55 -1.72 -3.31 -4.77 -5.50 5.69 4.47 7.93 
0.75 0.73 -3.90 -8.04 6.07 -5.53 4.64 5.08 -6.21 8.14 
-7.50 5.52 -1.13 9.74 -4.16 9.17 1.67 -4.72 -0.53 8.26 
-4.94 0.43 -4.45 -8.36 8.56 4.21 -7.26 0.47 7.95 3.77 

7.85 0.15 9.68 4.08 -7.44 -3.58 1.05 9.86 -9.65 -9.38 
0.65 -5.56 -5.62 0.21 7.77 -9.10 -6.59 6.95 -9.72 1.17 
4.73 0.44 -0.81 -7.34 1.77 6.37 7.68 -2.90 7.56 0.19 
3.48 2.17 -4.18 -5.84 6.43 6.24 -8.64 -9.57 2.27 3.15 
-7.87 -5.77 -6.43 -6.83 8.18 -7.46 7.40 -4.35 -1.72 -4.27 
2.37 -5.52 4.06 8.56 6.87 7.58 9.55 -3.33 -5.95 6.77 
-0.53 -7.71 -9.80 2.39 5.27 -0.25 2.48 -8.90 -8.15 4.85 
9.79 6.75 9.10 3.84 -8.50 -6.53 5.42 -7.39 -0.07 -1.45 
-9.58 1.35 -6.57 5.85 -5.00 9.12 0.10 4.73 -0.29 -2.86 
-2.75 -5.67 2.98 1.20 9.23 4.49 6.57 -3.47 9.12 -6.65 
