-8.01 -4.19 1.88 -8.93 -3.42 3.65 -1.68 6.15 -9.56 6.20 
4.55 1.99 -3.40 8.01 8.79 6.59 8.13 -3.95 6.95 -0.42 
-5.24 -2.46 -9.01 -8.22 -5.74 -7.98 4.84 5.78 0.41 7.35 
-8.41 5.12 5.55 5.46 5.60 -3.63 -5.54 1.64 -7.76 3.05 
6.08 -1.63 -7.30 -9.06 8.17 -4.00 1.38 -8.57 8.80 2.72 
4.56 -7.91 6.09 -0.87 -3.58 -1.04 -3.16 4.69 6.88 1.24 
-8.73 -0.73 5.81 -5.73 5.96 6.48 -5.77 1.04 0.38 8.96 
-5.52 4.42 3.28 2.18 9.75 -7.26 5.35 8.56 0.27 -3.70 
-4.68 -6.19 -3.07 -7.94 8.06 9.47 -5.12 9.50 -7.93 3.28 
5.85 -4.20 -8.56 3.52 -5.70 6.31 -1.82 -0.75 7.27 1.91 

-0.62 -9.75 -2.27 9.45 5.14 7.95 3.26 -9.97 -7.53 2.37 
4.09 6.01 -7.45 9.32 6.09 3.18 0.53 -1.15 9.14 7.98 
2.65 3.59 1.92 -4.43 -1.59 -7.70 -4.34 3.43 9.22 9.14 
6.46 -3.75 9.10 2.94 -1.71 -6.66 2.90 -6.93 -4.25 9.85 
-6.13 1.13 7.49 8.47 -8.13 4.26 -1.12 4.54 -8.68 -7.45 
-3.21 -3.89 -7.03 -0.42 -6.96 6.85 9.20 -1.73 9.72 0.54 
-0.49 -6.99 -6.72 9.45 -9.57 -9.42 1.88 3.26 -7.64 3.11 
-0.52 8.69 9.89 -3.87 -7.13 9.57 0.80 1.57 3.83 -9.05 
6.08 7.49 2.06 -6.69 -8.79 -7.09 -3.70 1.92 6.40 -7.20 
4.71 -7.85 9.00 -6.37 7.23 -0.80 6.25 5.33 -7.52 -2.54 
