4.13 6.14 -1.65 6.64 3.90 1.40 6.29 -1.25 -7.17 -3.45 
8.45 0.18 3.45 -9.57 5.52 -9.64 -9.01 -7.84 -1.95 -0.82 
-5.78 -1.31 2.68 -0.50 -9.91 7.70 -7.75 2.74 3.91 2.92 
8.77 -8.39 0.80 5.92 -1.55 0.25 -6.95 3.47 9.39 6.65 
-9.14 2.87 7.80 -8.71 -8.47 4.26 -6.37 -3.62 -7.73 8.71 
3.50 -9.45 1.37 -8.34 7.98 -2.81 4.07 3.34 -5.69 6.09 
-0.93 6.95 -0.55 1.66 -8.12 9.76 -2.17 9.59 -4.48 5.82 
-7.33 8.67 9.29 6.19 7.00 2.56 9.47 6.35 2.06 4.50 
-1.35 7.17 -2.76 7.31 8.63 5.09 9.78 7.83 -4.58 -3.89 
7.87 -4.36 8.46 7.49 0.15 9.95 -8.34 2.80 4.23 6.46 

-1.69 7.77 -7.56 9.78 4.80 4.08 -0.68 7.81 -1.99 0.04 
-4.33 -7.54 3.29 -8.37 -6.51 8.47 -3.85 -6.83 0.94 -8.48 
9.86 -1.02 9.62 -7.81 -5.60 8.10 8.30 -5.29 -2.81 -1.86 
-5.53 -3.42 6.47 -3.31 6.29 -2.28 2.85 -6.71 7.63 -8.77 
0.24 1.90 8.85 -5.66 3.25 4.43 7.74 1.15 -6.23 2.72 
5.19 8.71 -7.75 6.77 8.64 7.94 5.51 -8.55 6.81 -0.76 
8.83 -5.33 -2.93 -8.54 -3.04 2.02 4.68 4.42 3.38 0.39 
8.70 1.18 0.91 9.88 7.86 9.12 3.25 6.48 0.49 2.71 
4.84 9.39 3.71 2.27 6.64 0.82 0.89 2.15 1.67 -4.85 
-4.77 9.78 -7.13 3.42 1.03 2.21 -4.21 -1.14 6.33 2.19 
