5.44 -9.86 7.83 9.36 6.77 4.14 4.98 5.73 -0.04 -6.77 
3.37 -9.12 6.62 -2.69 9.88 1.44 5.32 1.33 -5.63 -5.75 
-5.59 -4.44 0.71 9.48 -9.91 -3.72 -2.93 -4.76 -0.57 -0.40 
-9.13 -2.17 8.43 -4.16 1.49 -8.07 -4.99 7.78 8.89 -8.96 
5.39 9.35 0.01 8.06 9.94 7.65 -1.03 2.17 -6.24 1.23 
7.44 -3.15 0.66 -5.06 6.72 -7.42 -5.50 -1.55 -3.76 -7.58 
6.81 5.16 8.94 -7.65 -5.30 4.23 1.44 0.62 -5.78 -2.55 
-5.72 7.29 -0.12 9.19 7.73 -9.88 3.56 7.99 9.06 -0.32 
-5.14 5.41 0.99 7.59 2.84 6.09 4.56 -0.53 9.54 -4.97 
8.60 5.76 -8.83 -1.36 -7.91 -5.71 1.20 -1.59 1.34 -0.25 

4.52 -8.99 -5.10 7.53 -3.88 -8.56 -9.29 6.88 -4.64 9.18 
4.78 7.23 6.07 -8.68 9.20 -0.42 9.04 -8.77 -1.47 5.32 
7.39 6.92 -9.17 7.96 3.57 -9.61 -1.38 -2.35 -2.56 -5.26 
2.81 -1.55 9.30 2.83 -8.38 -7.22 5.48 9.89 -8.47 2.71 
7.17 -0.54 2.10 4.90 -1.43 5.31 9.60 -8.20 -1.60 1.45 
-9.10 -5.17 -1.53 -2.37 8.69 -3.82 -5.90 8.26 5.38 9.26 
4.89 9.15 6.92 1.80 6.80 2.76 3.22 -0.77 -7.33 -1.59 
0.73 -7.33 4.38 9.70 -3.24 1.96 0.06 7.04 -6.47 -3.14 
-6.17 -5.57 2.75 -8.26 3.44 8.78 3.14 6.73 -7.69 3.29 
-8.31 9.94 4.82 -0.12 3.33 -0.08 -2.40 -0.69 2.49 -8.21 
