-6.42 2.71 -6.45 -6.89 -3.27 3.15 4.76 -0.77 -6.73 -3.15 
7.75 -2.15 -9.01 -4.96 -2.91 1.46 7.32 -2.95 7.19 -6.94 
8.75 0.07 -8.49 -1.95 -9.46 -2.20 -2.19 4.96 1.11 -0.82 
0.42 7.13 -4.79 9.64 6.15 -5.66 -1.73 7.37 0.77 4.21 
-7.41 -7.13 -5.32 -3.41 -2.96 -6.49 0.78 -4.23 -8.35 -5.36 
-5.31 2.78 8.43 3.51 5.39 -2.29 -6.27 -1.00 -1.21 -6.66 
1.67 7.54 5.53 2.66 3.00 -3.87 0.52 6.73 -5.38 1.69 
-8.75 -6.22 -9.18 -5.61 1.67 -1.61 -9.83 -8.17 -5.04 -8.90 
3.44 -6.37 9.29 -9.22 5.19 -7.52 -2.24 6.93 -2.97 -6.97 
-9.40 -5.89 -8.74 1.38 3.77 1.33 3.11 3.12 -2.13 1.54 

8.15 4.09 -9.20 9.81 -7.84 -0.77 -9.23 7.10 -8.99 5.50 
8.59 -0.41 -8.18 0.75 2.09 7.15 -3.22 9.01 -6.39 -8.29 
7.78 -7.43 -8.48 8.56 0.44 -1.48 -1.03 0.20 -2.39 5.29 
0.96 -8.50 -3.29 -9.07 7.89 -1.12 -9.37 -4.32 -6.32 5.91 
-5.44 -2.58 5.03 2.25 6.20 5.71 5.26 2.34 -2.20 -7.74 
-7.24 6.69 -5.54 -3.83 -9.97 -5.08 -6.25 0.15 1.37 -4.86 
-1.22 -9.12 2.64 6.14 -6.89 -9.97 8.93 -2.58 -9.89 0.13 
4.28 -3.45 -1.99 -8.69 5.95 7.96 0.99 5.76 -1.52 7.53 
-3.73 1.01 -4.54 7.72 1.60 -8.66 4.96 1.49 -0.57 1.98 
-1.24 4.74 6.58 4.72 2.27 -1.66 -1.00 -5.12 8.39 5.41 
