-4.36 -8.39 4.81 5.08 6.73 8.44 -0.88 -0.72 -6.26 2.07 
6.63 2.80 -4.14 -7.69 2.44 -5.93 -7.98 3.23 -0.86 -8.69 
-6.11 -2.05 7.42 -1.49 -8.07 -9.25 2.01 -1.26 -9.04 4.75 
-9.81 -6.13 8.32 5.37 -2.20 0.63 6.60 7.09 5.43 -4.98 
8.93 -6.84 1.70 -2.47 1.89 9.18 9.51 5.99 -2.36 -2.46 
-2.77 2.60 -8.89 -4.09 -0.29 -4.89 9.01 -5.36 -7.38 -8.54 
3.69 7.90 3.77 9.23 -7.92 1.69 1.31 -5.03 -0.27 -3.63 
-2.91 5.65 4.29 6.20 -0.98 -9.85 -6.44 8.46 -3.33 -5.25 
3.20 -9.07 -5.88 7.13 -4.93 -4.03 9.90 -3.89 0.38 6.76 
-9.41 -7.33 -7.54 0.20 -2.66 -6.93 5.58 -6.97 -6.32 -1.81 

8.56 9.58 3.21 3.66 8.99 9.77 2.05 7.65 1.46 1.29 
-9.08 -3.73 4.82 3.10 -2.26 -5.77 7.62 -0.42 -5.34 8.08 
3.49 3.67 -0.11 -9.45 2.48 -9.98 9.50 -0.32 0.89 7.70 
-8.19 -1.02 -6.69 6.67 7.00 1.65 -5.49 3.44 -2.28 -9.37 
3.02 -4.85 -5.65 -8.03 6.01 -8.26 4.97 -9.89 -8.78 -9.42 
-4.22 -8.74 7.32 -3.35 -3.10 6.23 7.59 -5.20 -0.87 -5.65 
-6.14 -1.91 -8.41 9.32 -7.48 8.02 5.10 -7.75 6.66 1.87 
4.80 -0.62 2.87 -2.21 6.17 7.90 -9.97 -2.27 -8.24 -4.73 
-9.97 7.45 6.90 1.17 -3.31 1.32 4.77 -7.50 4.29 -1.02 
4.77 0.82 -0.00 8.39 -5.17 4.75 -1.81 -7.98 4.30 4.90 
