-1.62 -5.65 2.18 3.20 2.80 1.78 -8.85 -5.00 -3.71 2.62 
-1.98 -1.39 8.37 -7.61 7.32 4.29 6.92 -5.79 -4.90 9.09 
-4.65 7.84 4.15 8.19 1.06 0.91 -5.07 -7.83 0.04 6.55 
3.75 -2.14 -2.91 7.73 -6.14 1.10 -4.61 9.77 -9.36 -3.78 
6.68 5.70 -6.62 -8.01 -8.85 -4.76 -4.04 2.25 -0.52 5.26 
-4.15 3.10 1.20 6.83 -9.53 3.73 6.36 7.08 7.36 -7.19 
2.33 -0.60 -0.50 -8.45 -3.90 6.62 -1.16 -2.59 -0.53 7.67 
6.74 0.56 -8.29 8.05 -4.25 -3.05 -9.68 4.94 2.95 4.97 
2.55 -8.56 -9.90 6.64 -2.71 -5.27 -3.20 4.16 -7.59 8.29 
7.44 9.18 -1.28 -4.54 -9.07 4.17 6.07 8.09 1.21 -7.99 

-8.41 -3.76 -0.94 -3.82 3.38 4.92 -0.77 -9.47 -1.77 1.81 
8.61 -8.23 6.56 -5.62 0.50 -5.53 -0.57 3.08 -8.08 3.64 
6.16 -7.88 5.79 -9.54 -2.64 -3.65 -9.28 3.25 -8.13 5.80 
-0.84 0.47 7.01 -1.25 7.85 -0.90 -4.20 -1.20 -8.93 -5.50 
9.52 0.27 7.33 -2.62 1.83 -0.64 -5.16 -7.94 -4.41 7.71 
-2.50 -6.47 -9.90 -7.85 2.34 7.04 2.50 9.61 -8.14 5.47 
0.21 -3.94 -7.00 5.60 -1.17 -6.59 -3.73 2.20 9.41 1.76 
8.17 2.53 -0.81 4.98 7.51 8.72 -9.74 -1.96 5.03 6.47 
-2.84 4.29 -2.00 -1.53 1.17 -2.61 -7.60 2.43 -3.63 1.43 
-5.85 -0.24 -7.34 -0.27 9.20 7.18 -1.13 8.28 -9.12 0.77 
