-6.15 -7.87 3.45 8.39 8.26 -4.87 -6.94 -0.08 3.41 5.95 
5.91 0.76 -9.34 6.97 -4.85 -3.92 8.28 8.15 9.22 -6.16 
-3.49 -1.48 -9.62 2.32 0.37 -1.31 1.17 -2.83 -7.35 -9.93 
7.63 -0.47 8.21 -3.36 -3.45 -4.16 6.60 -0.45 -9.55 -6.95 
-4.31 5.99 0.03 8.61 8.81 -3.71 -4.61 4.68 2.62 -8.05 
8.17 -9.54 5.45 -6.06 2.60 6.31 4.77 2.21 -7.59 -6.52 
9.93 -6.60 7.58 -7.51 2.38 -0.84 -2.05 -4.28 2.29 6.67 
-8.05 -3.30 -9.49 9.77 7.18 0.62 -1.06 6.13 1.43 7.24 
-5.51 0.32 -3.75 -1.23 6.32 6.43 8.84 -0.48 6.03 -9.32 
8.18 5.30 1.06 3.72 7.90 0.05 6.03 1.95 8.47 -8.83 

-1.67 6.89 -2.08 -3.17 -2.63 2.13 1.96 6.61 8.56 2.86 
1.54 -4.82 -8.28 8.25 -2.64 -0.14 -9.02 -3.88 -9.65 1.17 
6.87 3.44 9.71 -8.20 -2.86 6.56 8.00 7.22 9.54 -3.07 
-7.12 -6.72 -1.34 -2.72 -1.33 -6.35 -8.46 -9.03 3.00 -2.47 
6.49 -1.72 0.82 -4.69 -9.46 -5.12 -6.05 -8.63 3.80 5.57 
-7.90 -4.68 -7.36 9.68 -2.73 -0.21 -4.89 1.13 4.21 5.27 
-7.91 -0.12 -3.20 -4.27 -4.36 -3.51 -0.48 6.18 -9.48 7.66 
-1.14 -4.34 -4.04 5.50 9.11 -4.35 1.73 -2.89 -0.15 -9.14 
-4.62 1.09 -0.55 -6.11 -3.51 -1.06 3.39 -8.43 8.05 3.50 
-0.89 2.02 -4.18 -4.16 6.62 -9.78 6.73 4.45 -5.53 -9.04 
